9 5
15 41 33 95 47
36 3 79 18 26
28 50 32 7 74
3 25 9 66 53
95 31 36 87 34
19 38 3 25 52
16 72 65 98 89
88 88 70 39 7
67 87 91 5 18

5 17
60 31 64 4 13 77 38 40 92 91 35 27 16 10 46 99 22
19 17 85 83 43 87 58 36 61 58 27 92 12 33 45 57 99
67 76 19 48 86 15 23 39 56 12 92 4 97 51 59 76 17
63 94 65 47 46 27 1 93 82 17 14 51 48 93 75 14 24
46 55 75 36 6 38 52 42 6 96 24 83 38 91 58 37 73

9 17
12037 15185 14772 11204 9448 9568 6246 14172 13801 10266 7126 13055 10279 16298 14333 9399 10661
9840 10293 7180 5967 8375 5692 4729 7395 9551 7200 9485 4640 10127 8528 9310 10953 4762
8619 8878 12655 8791 6032 9987 8555 7927 8436 13055 7148 11983 7300 10947 10243 10890 11680
7854 10321 10753 7529 5242 6337 4593 9735 8035 8041 3804 10182 6403 12275 9818 5291 8147
15746 16256 17604 9994 9870 14193 8091 15839 19985 15618 9508 12820 10852 14994 16386 16384 10341
6030 6673 10028 6421 3601 7465 5724 6754 6596 9386 3565 9612 4227 8654 7652 6549 8627
16951 20767 21424 16970 13936 14499 11005 18619 18074 16622 11992 19701 15511 23064 20323 15293 17434
14421 13595 17502 13101 12784 16801 10461 13339 20624 15287 12610 13322 11392 11618 15469 19853 13285
12913 11932 15087 12740 12776 14912 10626 10582 17085 14048 13568 11926 11867 10285 13785 19244 13068

