32 32
100 53 100 33 93 28 9 51 18 15 59 59 12 27 87 71 4 83 83 71 11 74 91 36 35 84 96 80 51 95 84 75
14 61 62 65 71 71 13 42 27 59 18 88 32 63 84 17 28 29 41 39 23 27 80 1 23 19 84 32 23 41 90 20
21 68 23 30 10 68 92 94 81 32 86 44 27 72 39 64 10 19 74 73 90 29 3 90 20 72 95 92 39 91 19 41
47 90 62 25 52 40 68 92 47 24 9 5 90 31 35 20 65 83 27 52 6 2 96 10 24 49 51 80 84 58 69 10
52 42 31 80 32 14 76 21 18 31 30 32 4 34 47 72 20 26 26 29 96 69 43 88 5 31 58 36 26 84 31 64
98 39 50 30 56 86 73 57 46 75 25 75 97 43 31 51 9 97 26 23 36 36 60 27 51 15 91 98 64 42 16 39
70 69 96 6 72 32 81 20 88 53 74 56 59 99 92 54 43 6 16 6 99 75 97 40 32 43 40 20 41 62 20 26
71 42 60 84 57 24 75 30 29 85 3 74 45 50 88 21 99 9 25 28 25 71 58 45 38 28 88 74 85 43 46 17
33 96 49 71 36 22 68 13 84 22 40 45 12 30 69 68 10 48 95 65 89 70 58 50 25 67 44 44 27 17 71 42
25 35 47 88 47 75 54 57 61 62 82 28 8 1 18 75 3 12 23 77 48 66 4 81 29 82 36 42 61 10 70 89
67 17 45 20 56 32 71 3 1 14 84 60 79 76 1 58 93 77 32 83 42 32 88 43 21 5 81 22 71 78 69 61
41 95 96 36 48 84 1 65 85 26 70 88 2 72 64 1 47 55 72 25 11 14 66 14 64 72 37 34 98 73 98 38
56 34 68 39 83 73 8 53 18 46 44 59 25 95 66 47 73 15 1 35 42 26 88 61 73 79 95 21 53 3 63 7
22 13 73 54 51 31 83 47 7 45 39 22 79 56 55 77 64 87 95 75 99 18 28 73 100 60 69 64 5 10 29 17
38 82 16 43 37 23 24 81 57 36 13 23 72 22 28 5 4 79 24 100 90 6 54 30 88 38 39 70 38 24 21 62
70 75 74 27 50 86 61 40 18 35 63 79 84 45 95 49 65 82 55 17 42 65 40 93 4 80 23 7 28 80 56 82
53 38 52 56 8 96 60 2 21 70 60 7 20 66 6 70 31 89 98 53 58 99 28 66 82 41 80 4 50 60 76 24
74 62 24 83 55 76 68 6 18 91 46 8 95 57 43 72 13 13 51 54 13 50 15 86 94 10 95 33 49 86 33 1
2 30 83 30 18 51 38 95 71 15 86 29 56 30 49 3 57 96 40 83 27 54 17 61 85 74 50 23 52 52 83 45
39 46 80 8 78 64 35 99 87 30 32 71 39 35 68 35 17 13 9 74 6 65 41 25 63 34 18 84 5 53 98 1
97 39 100 8 68 57 6 13 16 97 20 12 21 69 91 28 39 65 48 59 53 77 62 32 61 84 29 43 72 82 4 52
87 86 52 60 67 59 22 75 32 25 53 50 22 60 63 91 51 60 23 27 32 70 37 79 68 79 42 10 45 26 12 56
11 41 85 10 22 50 69 22 66 24 50 9 87 83 86 90 65 89 46 8 15 70 79 85 2 99 94 57 11 23 50 35
47 33 31 92 29 53 70 8 20 85 49 5 32 67 22 20 79 51 7 89 2 93 98 27 79 81 54 56 43 87 75 27
31 45 52 86 51 17 95 26 50 35 18 36 29 56 17 47 57 91 90 29 97 71 94 14 15 98 48 66 50 23 100 84
8 68 75 81 70 89 92 96 31 3 33 68 72 18 17 17 15 41 72 70 32 71 44 39 67 19 73 39 58 100 41 6
71 93 75 40 11 26 9 21 14 52 19 74 82 49 86 72 30 78 82 22 93 14 44 21 50 58 34 47 7 71 7 82
89 54 64 98 73 54 95 97 20 99 82 82 34 70 7 18 45 56 37 50 66 72 10 45 71 53 79 5 23 50 38 96
21 42 18 14 37 15 16 35 7 13 96 33 5 53 39 1 23 21 99 38 64 95 59 94 80 3 81 46 33 60 59 86
38 70 1 18 46 48 27 77 6 25 86 92 86 49 5 84 65 79 77 79 10 54 58 70 1 83 74 48 91 22 64 65
52 80 85 18 35 3 7 24 16 78 78 58 25 92 71 48 70 32 47 62 62 80 46 71 30 47 38 69 41 58 61 84
82 100 3 43 3 44 45 63 70 57 17 64 94 12 17 95 96 27 33 31 96 53 87 73 67 29 65 28 52 66 17 33

32 32
74 11 48 44 11 31 1 45 45 55 48 77 67 8 80 43 6 32 38 100 20 45 54 28 76 56 17 90 49 89 4 66
4 11 44 25 13 70 72 65 80 5 93 64 49 18 86 71 99 51 84 26 64 100 10 81 46 27 10 75 54 42 28 8
92 92 25 64 64 58 52 63 52 77 68 41 6 33 36 87 14 58 67 63 46 86 42 76 41 49 89 84 62 100 55 42
6 11 90 63 37 99 22 25 91 93 54 25 31 50 48 6 58 12 92 18 42 16 31 38 86 36 65 28 57 90 51 33
36 77 10 47 86 80 78 65 24 54 88 31 62 78 79 46 78 11 98 12 10 16 77 40 58 5 68 39 83 58 29 61
67 80 70 28 18 11 68 86 26 12 71 47 18 93 44 46 85 12 9 8 71 27 71 62 92 24 89 52 43 84 60 66
59 63 48 37 56 32 24 49 25 63 64 79 43 7 34 37 16 91 95 33 32 32 60 13 88 78 52 61 25 6 55 41
76 60 4 18 90 12 83 45 16 71 82 85 54 18 42 2 76 7 92 89 63 18 74 8 27 93 95 17 81 94 14 54
18 56 25 84 7 71 64 43 58 15 79 55 27 29 30 37 3 91 45 48 75 10 80 85 22 71 67 27 24 10 15 99
65 75 55 89 95 73 5 2 35 57 60 2 90 71 24 81 49 11 51 71 99 78 36 47 29 17 46 25 55 81 94 13
24 7 22 68 87 58 75 90 20 25 90 24 100 76 72 63 72 28 77 25 3 63 59 30 70 30 1 19 85 90 73 76
43 5 63 73 48 97 51 89 83 87 54 44 94 87 43 35 6 36 70 27 44 44 96 80 66 24 16 83 66 99 38 79
95 95 51 18 62 64 36 32 82 5 72 92 16 22 53 53 35 72 4 20 42 98 69 3 57 60 62 54 53 83 5 8
8 77 43 45 75 78 95 24 60 91 2 66 72 52 36 90 6 91 2 46 95 41 48 34 10 100 17 53 66 19 90 7
2 73 22 1 58 72 72 59 2 41 95 28 37 51 14 39 77 15 1 99 64 96 68 70 54 94 69 40 76 58 100 73
28 19 51 54 40 66 62 71 86 68 83 19 10 50 43 55 14 39 65 43 11 23 93 69 12 23 100 6 26 61 13 41
44 28 53 5 14 80 59 27 3 93 68 86 87 21 59 7 46 41 70 31 88 7 58 57 21 64 68 32 51 26 36 72
17 21 54 22 68 57 38 31 50 38 76 88 20 93 57 74 92 70 74 100 43 90 35 58 52 57 80 93 83 65 39 75
85 69 36 78 62 34 67 99 63 67 28 26 45 5 66 14 91 12 93 97 99 58 79 17 64 62 52 26 60 27 1 15
19 28 55 76 24 82 48 72 56 25 69 19 50 79 34 67 52 89 17 29 64 4 27 46 2 91 36 68 11 1 94 59
25 48 61 66 5 44 22 95 37 91 76 13 84 83 14 45 83 30 71 49 57 98 30 14 33 93 64 64 72 43 7 72
5 75 34 17 15 6 67 59 40 83 59 53 10 4 42 67 43 24 30 66 30 83 70 79 77 17 81 33 13 86 100 85
32 38 38 40 16 74 85 18 53 93 31 74 33 22 52 81 20 88 17 17 11 91 24 50 71 10 3 54 60 29 44 30
39 6 96 77 28 20 60 8 5 21 71 67 43 67 95 40 96 17 20 40 75 56 72 54 18 88 66 69 76 67 57 52
83 97 88 78 66 96 88 46 32 22 36 41 13 78 27 75 80 63 50 25 11 11 99 48 88 55 25 99 94 42 98 55
14 99 91 6 25 25 17 67 89 43 86 66 54 30 39 43 82 90 70 45 11 14 36 80 12 11 37 63 6 79 82 69
54 23 68 99 43 10 97 84 50 63 84 81 41 36 19 40 49 28 24 19 65 68 66 78 41 31 60 73 97 32 26 71
11 27 78 90 89 8 58 91 98 99 43 79 92 75 37 24 12 45 92 29 7 98 82 72 48 67 49 6 74 30 11 78
25 63 37 25 6 37 90 71 11 40 17 52 23 11 91 3 93 20 19 90 5 74 92 62 11 50 86 33 15 50 77 49
94 99 37 65 57 34 98 51 64 89 93 79 18 13 8 38 60 77 51 41 83 11 43 21 35 13 19 35 72 15 25 23
43 37 32 36 91 48 45 54 32 51 66 57 29 83 53 51 64 9 11 81 52 61 38 34 49 71 49 53 47 41 38 77
8 29 93 82 97 71 41 35 85 97 34 70 94 81 22 93 13 17 88 86 37 99 73 16 84 15 96 51 21 5 58 100

32 32
74925 91336 89971 95802 95654 93478 112442 110386 96151 112353 121301 102601 83842 87401 87114 94361 97063 78042 99201 100075 79445 105719 109110 95670 91664 82663 98910 96569 105122 101193 86204 106686
56153 70394 65341 69764 71785 79415 85181 78135 68222 82853 89059 71946 64424 70683 60655 69023 71732 55037 66822 64445 71689 77540 78091 71626 69841 64484 71602 71055 82459 76236 67179 72811
68040 83074 88615 95273 82235 77361 102664 103883 85418 95972 114249 92996 85681 79949 74223 76791 91893 76592 94544 79885 88057 87022 102583 80946 74524 92573 91214 80026 94667 83352 75602 93303
65600 78303 69161 65626 72760 76296 89959 79411 73076 81974 97114 94779 64086 61771 73760 69148 79838 73613 78131 74024 68635 83691 83318 72089 68495 76997 80968 76182 82839 75483 62361 75880
49119 60372 72860 72573 60632 66994 74118 73365 67093 87171 88488 71124 64392 62131 59417 64629 68857 55066 74594 66187 64121 75152 76010 62842 65562 65676 74592 66584 73175 68701 61611 73949
74910 82838 85265 86747 83491 82807 93291 91810 84407 93529 103709 96941 76937 80333 76481 81673 79060 72880 86020 80770 73797 96752 102747 80712 86113 79278 91526 87531 96024 93632 70740 89523
67206 91446 76081 81959 75740 92373 99654 92049 77663 99048 109320 89313 80431 72533 75336 89438 78076 80525 83267 79908 79114 97356 97285 83674 80669 83135 84808 86045 93388 89980 81480 89186
65701 80615 81939 79748 75056 86778 92137 84663 74115 100935 99548 89373 78125 69031 74479 71660 78026 65329 81223 78352 78231 88659 96738 83471 78587 79833 87201 80069 89621 87526 80376 86298
53271 73118 80009 81983 69354 84445 86966 93299 82439 89702 103054 78527 72051 73653 72997 77412 84662 69510 87742 79773 75095 89626 88313 81078 76348 80300 84585 79735 81428 78904 72596 88026
53000 69617 81402 81082 72833 75075 79530 85421 73252 81387 98967 72032 71556 78689 70394 71762 81868 55579 83709 72637 65054 75289 89561 74271 71664 69853 89791 69647 72336 84571 77781 89662
67518 71612 78656 80227 76553 86850 94169 85796 74765 95153 97080 92214 76637 75569 76801 80790 75689 74573 77007 73136 72125 85595 91161 70199 75585 76603 80052 83866 87503 76606 71957 84850
69546 88711 78528 82067 82532 92797 107306 98110 80472 92972 105735 92243 77506 80197 81564 81406 94222 72848 87146 87474 82703 88830 98922 89032 80663 80437 85346 87947 95243 91788 82662 93315
62129 78960 78540 74241 72370 85051 95025 83583 67734 88627 97627 82884 73986 77786 73473 77306 82092 64720 70887 69256 71286 78474 91245 81589 70653 75464 80611 82951 90884 88886 80844 84750
72375 85300 88999 86444 84454 88338 90387 92441 79043 93970 105618 85662 76241 83872 72868 80140 90929 74260 91611 78450 79525 87437 97817 74907 77616 92457 93111 87047 97611 86262 76406 85894
53148 66756 73301 72668 66067 75797 76363 74621 71402 71871 87245 75928 65848 71009 60808 69001 76887 64897 74837 66314 62933 77732 76432 62242 64585 74473 72226 74982 77880 66814 61104 74848
73650 89395 89258 78771 85508 91005 98004 95524 83859 98185 119095 100356 82520 83067 85154 88736 96240 73732 91167 91797 87450 101271 102433 84773 88796 83905 97868 93583 96146 102341 83833 96689
70398 83439 86569 85433 75226 79483 93055 90605 75658 89537 100459 83216 66671 78299 75444 84025 92916 67999 79638 82408 82269 85787 93422 78401 81412 78257 88956 85863 87873 86665 83522 85038
73974 82855 84269 85652 76128 81991 92336 83018 75182 80311 101202 82000 65292 71992 74332 76979 86146 65476 73535 68735 78086 79689 94774 73396 79214 75226 81332 79944 90494 85479 77746 73122
67063 84186 78133 76617 81032 81643 95205 87290 70227 81270 105844 89549 68179 78499 72049 77339 92336 71962 81160 81715 76809 80709 93315 77052 73295 85333 89735 83622 88255 85687 82190 93186
62433 79073 64049 72000 76352 75830 88673 83455 68765 79150 98089 78739 63919 72034 63884 71074 70548 64378 73017 69001 67518 71057 88881 75330 69427 75216 77684 71532 81073 80541 69125 84267
66631 93251 79830 77839 75548 83654 91169 86167 74918 93867 99506 83105 73758 73994 71616 86532 85886 71059 78047 87901 76317 91644 90633 81741 74415 74098 85820 85172 86714 88133 87356 85046
60964 77265 83642 75252 73514 86683 94482 87045 77192 89505 106265 87683 74389 75868 80480 80392 88919 66078 87391 81124 72160 82750 97362 83472 77965 76082 90361 84881 89165 96004 80266 89786
61824 84498 82542 74936 78650 79554 96273 86281 80738 91321 108604 97071 69227 72345 74334 84616 80491 79334 78086 79551 78734 96066 95256 86967 73611 81994 93931 81422 88553 86449 77803 89031
63053 84686 86512 79106 76304 86906 91503 79631 78625 95832 99023 89758 72094 74225 71347 82972 82051 78469 77875 71971 74296 79224 86221 79518 79689 72870 78308 81343 83536 80842 90876 84609
60947 84102 89749 84496 82566 89860 90634 94927 91197 110849 104155 95114 82224 79451 77942 83578 86893 77604 100094 88871 77625 98625 94368 81206 85268 83080 95624 85892 87496 83882 76643 96148
77170 88348 78488 81979 78331 80824 101637 95724 78857 90663 106725 90771 64714 71410 74957 72455 91566 70733 89122 71273 78059 80277 97380 75653 84870 78605 89531 83466 92575 88438 73204 82795
64448 77108 81757 78175 75326 86898 82693 86526 86567 91462 98677 81758 74448 73546 66053 80650 78797 68235 85241 81230 76328 95389 86677 73035 75446 73938 80366 83268 88443 83944 65223 77754
78843 89569 95600 97314 96175 98564 97965 97376 87676 109679 116654 97468 95001 89912 82840 91978 94403 73023 107237 90046 88855 92907 105757 81078 96035 86389 97960 97431 103366 105219 91092 100187
54489 65127 71561 79581 72134 67904 90652 80699 62062 83603 83523 73885 70039 68362 65108 71005 80009 51671 71815 70077 67232 82958 84654 62915 72189 69052 69272 70210 84130 66833 69793 79182
65025 73992 86962 81020 82516 85659 100495 97862 86243 93503 107517 97623 84518 80554 88695 79356 93237 70681 89093 83404 76325 92922 103009 82524 76069 79512 91648 83189 89008 93223 76559 92790
60834 79501 83970 87023 84887 90811 96727 91040 81737 102347 104145 86985 88138 81561 76987 89425 84007 69590 86163 86905 82716 100352 94318 83569 74508 82639 85288 83376 92194 87765 86042 90807
72003 76395 88152 82946 65132 88345 94272 87356 82412 93558 108206 94692 76931 69902 78424 76757 85104 73885 85492 76008 81202 89137 98287 80075 77753 80763 87742 84629 90144 87474 66709 86326

