127 17
33 78 20 87 24 92 38 83 38 72 3 73 32 74 14 13 17
63 56 30 14 60 59 52 29 25 27 22 24 68 21 88 87 54
43 67 81 43 89 45 33 58 11 41 60 52 5 78 100 7 22
14 85 73 88 92 60 18 34 51 75 37 83 52 69 27 93 70
6 46 20 36 91 32 33 67 98 92 51 88 91 7 71 87 13
95 18 41 49 33 17 70 71 58 38 26 82 1 68 24 25 47
65 72 58 78 11 62 78 25 69 52 91 90 58 84 75 53 81
87 42 96 63 43 96 7 39 50 7 74 14 21 94 56 61 93
5 86 91 54 50 26 97 1 15 8 20 81 40 56 62 60 3
47 95 72 34 20 83 36 16 67 72 36 53 51 76 60 34 11
8 15 57 15 98 91 68 17 83 89 78 9 34 47 49 62 13
38 36 48 13 54 87 69 12 85 77 47 83 31 27 19 67 15
96 29 32 53 81 73 22 28 60 42 21 12 14 17 52 66 47
27 51 30 90 29 90 32 22 20 85 73 92 32 92 29 14 26
66 79 49 80 82 61 15 64 71 22 50 32 3 16 47 15 92
93 96 81 10 60 37 8 68 71 69 72 18 80 63 14 78 64
46 23 99 21 81 87 75 96 55 88 68 37 91 22 47 6 71
58 4 69 97 35 43 20 4 19 55 44 91 19 26 83 5 6
78 77 43 20 18 96 100 56 89 62 18 6 29 12 29 29 5
38 50 59 87 83 7 61 80 68 44 60 78 39 34 94 91 71
45 94 93 50 3 100 59 75 90 30 39 100 7 49 23 36 33
48 86 7 62 63 52 76 83 25 81 96 23 22 100 50 47 4
19 14 97 31 25 58 92 72 51 48 25 16 52 64 77 64 71
75 13 100 11 78 58 22 59 56 88 77 14 32 85 98 27 75
97 89 63 19 94 57 33 88 90 51 2 54 86 90 58 7 42
93 88 16 89 6 92 98 34 30 8 79 62 29 75 23 24 35
74 23 82 54 17 57 47 55 32 61 62 11 2 29 46 48 9
62 28 50 74 67 15 98 75 41 58 6 39 98 21 92 9 61
3 93 73 19 63 4 30 60 56 95 10 30 80 30 30 21 12
68 5 35 65 40 66 19 60 65 4 32 55 28 49 5 95 26
73 52 33 80 80 9 6 80 33 54 17 39 35 9 41 61 22
87 32 3 51 52 71 59 97 17 93 12 95 9 28 73 45 52
80 24 35 64 47 11 34 15 14 12 50 45 32 56 96 95 4
96 29 5 4 86 20 98 78 91 85 36 8 72 50 88 97 38
12 54 100 28 13 22 85 6 88 74 54 99 32 84 89 95 97
23 66 97 4 26 86 89 18 59 16 87 44 82 9 63 64 95
47 13 41 39 83 9 27 89 41 75 73 20 2 9 18 11 7
33 69 26 18 16 65 49 63 46 6 86 55 31 78 40 94 38
76 12 27 3 32 5 81 31 56 2 20 61 20 68 31 53 89
94 32 69 97 92 4 65 24 4 39 68 100 63 4 85 33 16
57 99 32 18 74 33 55 19 96 87 51 70 63 6 39 62 76
63 22 45 77 4 60 56 58 76 74 36 96 33 38 71 80 23
97 56 97 19 52 82 53 9 82 59 39 57 99 49 98 6 80
53 78 27 10 52 31 9 4 71 96 29 53 77 45 45 78 2
69 47 28 99 22 79 96 41 67 99 81 25 59 60 21 23 91
57 62 77 19 22 72 40 5 73 14 61 62 37 24 39 75 93
22 8 98 23 71 10 61 8 53 29 81 62 72 5 83 55 74
52 18 61 97 27 81 97 1 5 80 11 11 59 95 2 60 53
76 47 79 2 33 63 16 35 4 2 89 43 62 72 77 45 100
87 62 53 89 94 17 48 62 77 42 9 17 45 22 77 20 59
80 74 26 51 38 24 92 79 37 59 88 27 20 95 97 49 61
44 90 95 72 50 89 77 43 80 73 86 35 73 41 42 79 52
72 27 60 83 25 66 23 72 95 67 74 91 56 25 2 11 48
24 29 10 53 80 47 63 38 15 86 31 55 65 85 98 34 22
35 61 92 76 25 5 57 100 26 36 23 32 53 18 83 98 84
15 93 33 81 17 52 20 81 67 31 58 58 93 13 2 47 78
8 72 6 8 22 44 68 1 53 64 67 50 94 66 63 78 96
1 93 71 72 58 83 93 67 17 91 36 77 25 28 11 71 10
13 52 72 24 71 70 54 75 33 59 10 22 56 38 43 54 32
22 66 13 78 65 89 80 25 11 17 85 91 54 14 57 77 30
75 51 23 64 15 98 6 9 64 26 74 76 84 36 26 88 66
90 1 75 27 24 90 17 73 20 83 6 65 87 47 53 15 21
36 86 95 60 4 24 90 69 28 79 25 92 5 8 26 40 72
60 32 73 90 8 24 40 22 19 6 21 30 65 95 76 54 65
25 38 45 84 73 7 77 57 93 38 36 22 18 17 98 79 9
47 61 91 27 44 17 48 41 63 50 68 24 65 56 84 35 77
52 48 81 80 25 2 50 48 53 62 37 28 3 20 58 80 82
95 34 42 84 23 34 97 100 87 21 85 37 42 4 85 21 18
17 45 56 57 46 59 95 41 43 51 75 90 73 82 23 54 26
64 46 20 28 90 52 39 59 24 75 59 50 53 66 7 41 33
83 4 52 45 50 97 66 70 87 55 19 31 38 92 38 8 9
14 21 73 74 78 32 12 61 12 3 68 15 29 46 96 16 22
54 59 42 60 64 69 1 51 62 24 37 53 9 14 23 1 30
25 4 64 93 63 68 15 98 40 43 46 44 46 74 57 86 12
94 71 52 69 58 3 33 47 87 37 48 74 37 73 2 10 44
66 19 51 12 71 67 84 3 58 19 89 55 84 93 81 20 75
89 8 8 83 38 21 32 58 58 64 21 67 53 49 84 81 38
35 75 44 76 49 59 59 92 83 85 7 64 25 1 47 61 78
16 29 10 70 78 22 29 71 32 40 50 16 87 78 93 71 12
16 98 95 63 57 1 84 30 23 16 63 44 30 60 31 53 31
18 53 32 67 61 73 56 46 23 71 93 89 51 46 19 63 44
49 23 78 73 95 21 44 59 26 2 47 81 24 65 27 24 51
76 76 40 41 45 86 100 87 3 76 89 21 14 75 28 1 54
39 69 49 83 32 41 4 76 23 94 51 6 39 21 85 53 95
77 11 46 77 75 33 37 55 10 19 19 59 57 72 59 50 40
58 67 61 55 37 69 13 24 77 45 90 73 100 35 62 6 98
37 96 16 31 11 34 45 74 15 56 89 65 3 80 57 78 31
43 33 69 31 90 8 27 52 92 71 59 76 100 19 2 19 22
5 92 90 57 48 27 53 63 28 45 45 9 67 5 19 47 89
77 13 90 94 46 55 30 56 58 81 58 59 21 45 68 78 38
64 29 28 47 97 68 59 52 43 90 15 96 85 1 20 30 34
3 78 94 61 60 45 24 93 64 85 21 84 49 18 1 75 7
78 61 8 94 46 74 64 28 76 22 49 34 48 55 85 36 50
46 34 97 6 85 49 63 53 33 66 86 7 51 88 3 81 83
39 8 31 2 43 9 9 99 36 99 29 75 85 1 1 20 49
60 40 5 14 40 92 90 82 21 52 51 98 95 78 37 59 62
28 64 69 65 11 82 97 3 45 75 2 64 24 3 55 60 60
42 90 12 66 18 36 42 41 62 100 33 88 50 90 87 29 50
19 2 75 67 65 57 68 86 89 70 41 52 12 40 30 9 4
15 36 40 71 49 51 27 77 44 42 90 26 82 46 28 81 95
5 56 75 31 49 66 81 69 29 19 76 92 40 84 44 7 24
63 68 43 35 89 52 12 48 47 71 22 95 77 6 53 49 29
11 61 64 29 38 55 63 79 54 86 15 1 33 6 89 43 20
63 27 23 57 13 66 28 80 84 18 96 82 82 73 76 63 89
36 37 52 51 97 71 2 28 3 31 28 11 42 25 68 57 87
53 94 67 33 12 2 60 14 85 52 39 99 94 42 54 4 94
89 33 62 71 93 92 90 3 9 87 42 12 84 24 81 97 20
15 63 19 78 12 23 84 97 44 53 36 45 95 15 42 66 49
1 46 75 23 27 60 49 49 71 50 99 76 80 43 81 55 23
66 43 68 64 29 15 59 24 21 19 4 76 35 89 14 41 71
10 60 51 32 36 61 72 73 19 31 62 98 95 20 91 70 6
85 48 10 45 72 53 4 59 34 53 85 29 24 50 60 51 90
73 13 60 9 92 12 88 15 20 40 50 62 87 82 40 11 33
49 38 95 69 5 5 96 43 39 15 5 38 61 43 23 32 52
86 84 96 18 2 42 35 80 55 70 92 2 68 57 58 11 31
8 31 32 93 96 83 55 70 66 82 91 89 90 66 14 54 38
49 81 15 78 21 16 5 81 25 65 34 64 52 22 70 38 14
21 23 12 79 1 43 13 54 84 41 29 30 80 52 53 22 65
27 55 76 12 46 23 15 93 82 36 16 9 72 5 59 50 86
48 89 52 81 31 64 59 56 59 10 50 51 22 80 20 63 56
87 15 30 100 11 42 74 31 47 25 97 19 4 50 10 26 57
74 3 17 88 13 16 49 53 29 3 2 37 52 5 84 91 89
3 8 72 33 37 28 94 63 32 13 15 5 72 3 15 11 24
61 47 98 93 28 68 31 4 14 59 80 42 40 49 59 85 37
18 3 2 5 68 100 92 53 7 45 33 39 59 86 65 71 11
1 19 57 53 64 2 79 68 31 54 69 60 12 2 91 15 76
2 35 92 2 7 18 10 64 47 15 79 11 12 74 24 95 28

17 63
19 75 59 28 83 14 91 95 39 56 37 53 57 47 50 57 32 77 53 69 68 84 17 27 37 53 90 66 90 80 18 29 9 69 71 58 55 51 38 70 37 66 43 31 58 67 1 58 70 46 21 38 98 91 19 53 81 52 44 43 1 97 46
80 69 78 59 46 29 91 18 85 24 21 57 44 21 91 89 1 3 89 26 23 38 42 19 85 90 29 92 99 46 70 68 71 31 27 44 6 87 56 29 36 85 59 96 74 12 56 27 81 33 87 86 9 84 9 34 81 46 27 26 17 25 14
36 45 52 90 91 52 37 78 16 34 76 38 89 41 27 44 83 29 56 34 13 7 49 9 43 59 18 16 66 67 34 97 59 24 73 74 89 100 4 94 2 5 64 64 41 45 75 4 10 50 31 47 40 34 43 93 100 49 40 50 3 27 45
100 90 48 3 56 67 2 5 83 36 43 59 4 4 30 8 67 33 11 65 63 46 13 72 100 55 7 18 8 16 85 60 16 8 9 13 70 25 60 75 38 66 4 7 2 17 23 82 35 98 69 40 80 68 37 54 89 86 9 43 77 43 26
56 73 76 69 33 40 47 69 17 35 51 45 42 99 14 45 44 67 29 37 44 31 33 29 46 46 49 39 55 50 96 76 24 18 96 66 27 96 86 91 41 82 78 91 21 43 83 3 56 11 97 29 36 62 20 82 22 40 38 68 50 79 75
35 62 35 48 63 1 92 99 27 3 73 38 62 44 71 11 90 67 46 87 76 77 1 76 99 54 67 10 38 93 30 56 90 30 83 61 90 74 71 6 99 81 7 38 10 15 79 57 47 3 72 10 99 98 32 91 26 50 45 14 9 28 100
16 60 82 58 79 1 69 49 79 29 70 35 77 67 93 56 83 33 46 21 78 57 92 22 87 87 77 4 36 28 1 54 72 20 76 42 50 61 74 55 9 6 91 51 34 28 87 69 20 100 51 49 45 57 6 19 70 27 17 13 85 57 70
42 79 9 48 65 32 15 79 32 63 23 41 49 27 84 78 36 70 51 10 81 11 52 66 60 44 6 41 49 29 89 93 76 68 13 16 40 79 61 33 65 66 51 80 36 24 80 32 40 37 98 10 2 45 38 31 23 24 97 29 74 75 20
88 31 62 38 30 44 16 33 40 13 26 62 28 99 34 34 49 74 9 49 1 3 69 1 2 84 74 25 88 59 41 63 73 8 54 67 47 57 73 23 95 12 36 13 43 26 95 55 81 40 22 90 37 58 34 54 73 28 47 18 65 76 58
28 13 4 20 79 20 86 62 9 33 58 40 99 8 87 88 38 72 99 62 55 89 26 21 88 56 26 25 11 93 17 51 82 2 93 33 82 26 89 37 10 2 92 23 81 43 62 65 12 58 91 35 35 48 65 33 88 47 100 37 42 83 16
20 41 90 2 33 39 73 40 74 83 85 84 49 100 46 12 16 86 41 74 94 3 81 32 2 64 56 16 27 49 33 17 5 41 62 80 20 93 71 84 26 75 7 11 89 50 29 21 73 42 15 43 30 89 91 77 30 35 97 27 80 16 100
13 56 9 94 4 79 93 97 82 34 17 92 57 53 40 39 78 5 26 10 44 4 76 94 56 91 62 59 93 96 16 35 10 87 27 25 15 28 6 85 93 57 67 12 24 2 32 82 35 7 39 23 60 48 72 61 30 15 80 34 44 29 44
96 49 91 76 15 51 4 31 45 26 6 87 23 59 98 94 21 47 43 33 87 81 43 83 78 59 75 31 24 13 28 32 92 49 94 32 15 23 46 50 49 41 44 62 49 84 55 68 4 69 59 39 30 53 53 86 38 22 38 87 13 38 99
71 31 94 42 73 11 90 6 1 51 51 2 47 22 57 90 98 87 92 46 47 5 3 44 88 10 2 64 27 9 89 87 87 88 27 29 1 63 30 24 75 19 28 52 28 86 58 84 52 10 83 9 32 44 56 61 4 11 29 61 44 18 94
68 44 37 37 23 62 65 74 39 99 62 30 50 36 91 97 87 10 38 23 8 27 82 93 93 49 77 43 66 3 56 21 44 58 95 99 51 83 76 82 48 71 82 68 87 50 98 26 93 37 79 24 14 37 27 48 18 97 56 21 30 67 25
2 39 27 46 77 85 64 24 15 89 78 41 93 35 10 38 31 45 63 97 36 41 59 9 6 56 15 67 66 49 45 88 80 44 35 71 12 13 54 35 67 93 16 61 31 95 87 33 53 53 69 25 41 99 61 25 87 63 14 26 1 60 67
26 99 89 14 64 96 63 96 80 99 62 79 22 31 6 99 71 43 53 39 19 97 46 5 72 92 31 23 47 35 43 44 34 1 94 32 48 3 53 92 5 6 71 87 56 58 33 10 68 88 91 88 62 69 96 44 95 85 5 86 79 93 29

127 63
41060 45873 37975 36493 43516 28386 47883 43052 35999 29412 34191 38829 40143 29077 48746 44807 45193 39079 41604 35144 42171 33130 29224 38743 58027 47429 30691 31348 39312 40636 40249 48488 47346 31870 39893 31087 35386 43772 43585 37080 43147 39785 36803 36773 30082 27347 46721 44002 35460 33013 54986 28509 37051 49917 32358 42717 42123 33132 38420 29312 33912 39171 39798
34921 44614 43894 37044 41446 34571 47650 45948 33485 40506 39626 39565 42433 36750 44011 48426 40958 36016 39449 37014 36772 37394 37259 32682 48206 48243 39172 31744 43751 35492 34959 42803 44375 30187 52600 43055 31495 43353 45396 44130 36272 43139 40461 44794 36811 38372 50644 32140 40695 35907 51550 30921 34226 52159 31993 42268 43578 39409 31780 31500 26656 44743 43455
40312 46972 45954 39807 44352 32904 52855 49271 35009 41232 43237 38723 44878 38200 47125 49558 49181 39875 43146 34370 38600 27432 37818 37814 54811 47583 35319 33253 45025 38452 44865 48954 41520 35281 50623 44641 35661 57881 45857 51711 37295 43993 44726 45259 39348 34101 52237 33855 43657 31847 55505 29760 33216 49688 34231 49100 40381 39172 41779 32753 34455 41871 43340
49602 57475 54847 48566 54178 48653 59703 53690 44653 46320 50080 53718 53398 44391 49241 56935 55125 48195 52091 48699 46133 40997 43187 40516 63121 63207 38397 40819 53203 51149 52059 63103 56047 35829 58447 48238 41315 54490 55211 58027 49028 51775 49057 52374 41824 44029 62068 45707 48000 44864 68972 41780 45128 65683 48280 58096 60179 47589 43690 43814 40862 51979 54327
45609 47397 44953 45694 41714 43575 49430 50462 39568 42192 41696 51828 49636 48378 52277 53261 44717 45160 42768 41208 44448 35089 48497 41273 51934 58993 44002 35552 50003 46367 43054 52176 52948 34171 57364 47355 35724 50400 56341 51036 48863 48731 48720 44953 42983 39436 62898 42420 44217 39943 60082 36702 34722 57343 42284 50795 49089 39968 49301 35762 39142 52033 50207
31748 44685 40030 34472 43885 30674 46873 46382 35274 36321 35715 38527 40473 35085 39552 43314 45075 39828 36811 32395 37917 28923 35435 30442 45191 47184 34436 29937 43043 38878 34360 44363 37056 33133 41482 34193 32628 41814 38983 44742 36791 33468 39564 34281 31722 31436 42478 38977 37335 35145 45089 29854 36852 46869 33123 39359 43515 31973 36390 29532 35821 44374 38545
51329 61193 63913 47568 57942 48168 68498 59850 55116 53735 55314 59279 56296 50428 60587 62628 62832 52470 54537 51130 53533 44667 52959 46558 68726 70456 51110 41236 57810 52044 47355 58595 57321 43265 64898 54369 45386 59757 58768 63606 51502 51491 52320 50038 51371 47681 62832 54066 55680 52724 65240 46803 50848 70866 52184 60840 62967 51098 49242 43048 48118 55031 60928
43583 55457 56635 38824 55637 40742 57391 54872 39117 48884 51844 46224 47748 42651 43952 50991 55543 51069 47384 49283 43655 38283 37297 35800 55476 54504 39296 35276 49916 44839 47280 55861 48927 36551 57047 50529 42777 56437 49109 54622 44547 47684 38894 47955 40992 45311 54219 38692 51040 40756 57596 37857 47073 63492 44381 57301 53715 47428 38552 39786 36012 48721 54770
36182 41411 43576 42810 39684 32956 46386 37787 36898 32630 38227 37016 42721 34467 42542 42425 45516 27439 37788 30124 33450 24987 39179 32644 49881 48484 32966 30562 42827 33620 34672 46041 41827 30445 42674 38778 28908 46481 37339 45532 33806 37530 40717 40278 31104 30706 49547 35214 33946 34804 46737 30165 30766 45614 28792 41927 43060 33518 28880 28253 28567 32730 41536
43805 43777 47141 41769 46613 31948 55588 46191 36258 34879 41750 42204 47883 37758 52338 50599 48070 41438 46997 40475 39416 34386 36938 36137 56291 52809 39508 34750 47579 44768 38266 49787 52261 33787 51964 44439 37798 52173 46465 43419 43358 41108 42059 41297 40532 36036 54161 42265 42336 34898 53187 35282 37787 54645 35741 49861 48436 37742 40592 31814 29788 41066 47516
37247 40185 46447 37515 45630 30131 50008 45945 29872 35765 47764 39452 49039 46392 45020 42727 46592 47735 41372 43375 41228 32994 39139 29834 47286 49360 39655 25492 39464 43514 36988 49121 50082 25723 57969 47767 38887 52627 53537 43974 39666 39162 41343 39534 37664 37322 59241 35480 39782 34843 52152 31892 35654 53759 36359 49420 44063 36304 41215 30327 35184 44330 53057
32671 40589 40846 40178 42908 31504 52173 47822 34236 31881 41559 42487 48167 42730 43357 40458 44881 41366 39431 40204 39402 32874 39117 30780 45381 52689 40661 28605 44773 48149 30540 46086 46435 28714 51205 42434 36185 45423 46077 42106 42326 38231 40443 34895 34556 32354 52596 39404 37495 33213 46890 32431 38661 53340 35668 45805 46270 32970 39917 27909 31615 42338 48090
33688 44049 39548 30837 42608 31125 44498 45577 29843 35747 38738 36920 39246 35957 35763 39256 39951 40138 34853 39894 34620 35439 30151 27793 42974 44707 36137 28450 41657 39270 35698 42670 37867 25325 48498 40737 35780 42185 44907 42211 36136 41066 35082 37210 31822 33661 45425 31478 40558 33009 47268 29985 38730 51686 29755 41913 44715 38869 31330 29103 27556 46360 39964
39959 45035 43930 35599 43639 32256 54911 44786 38957 35062 41620 43237 43333 34587 47549 43752 49304 42525 43397 40753 45406 33594 32923 40731 58035 49576 34441 30519 37958 43731 38802 45648 43789 33557 46442 36974 36341 46112 45326 45229 42264 41225 37023 33712 35146 32219 45509 45654 38153 34519 53230 29391 40864 53463 40533 49041 42736 36123 42120 32352 36682 37343 47602
42315 54263 48004 34550 44928 37919 47546 51072 41918 40535 40960 45752 38466 40124 40555 45939 44593 41868 38198 38592 37646 34947 36457 32112 50917 54338 36880 31612 47875 41562 44815 48657 39397 27256 50219 42262 38754 51110 49084 51026 38429 44756 40687 44487 37343 31427 48678 32717 47679 38323 54868 39074 39729 56140 35915 47880 50325 43436 36868 34319 38759 48938 40534
45781 53595 57632 44874 55681 40738 57936 53655 39504 47098 46815 51869 53072 46747 52114 60248 44238 53798 54361 47791 47282 41621 42217 32252 52811 59710 41679 41502 54952 49653 46569 58931 56360 37387 60019 49986 38360 57021 53143 53066 43898 48341 46860 53099 48575 48598 57824 39835 49274 42989 60946 43099 40397 65193 45295 55727 59070 42365 46415 42665 35214 53911 54135
45688 56954 55663 48654 55432 39218 55519 65043 42577 44794 50947 53534 55094 51118 59115 59706 55590 54049 49778 43604 53876 45170 47380 41887 63253 62704 48124 30510 48982 51346 43642 57636 57883 34606 70114 50473 49536 61599 58643 59006 42811 43862 55045 52755 46807 42624 64632 42229 43568 47310 64303 40151 43566 61320 45565 60586 55428 43853 52482 42762 44178 56534 57123
32314 37580 31909 30577 34005 30849 40648 41624 31867 31252 34380 36040 35609 29418 35854 33478 42872 29919 29260 31211 32753 25694 30535 35885 45013 40741 32488 23303 34597 35737 29540 34239 28176 27392 41075 34753 34660 38909 34813 45622 31438 34144 33614 25525 29415 25540 36773 34631 31426 30288 38660 23376 35214 40417 30404 41525 37537 34711 34451 25864 27364 34130 34051
35312 41922 40744 35402 45948 22295 47034 44696 33750 27958 37543 36654 44235 36958 49713 42333 40265 39847 39387 36605 39231 35694 34998 27559 48227 49859 40117 27027 43264 41878 30065 44859 48763 25509 48100 39459 38576 47582 46886 34751 37068 35863 39006 37019 34833 28638 51167 37169 37378 35922 45854 33541 35943 51514 25291 39846 47158 32950 35661 23492 29756 43360 41221
48783 60445 55154 46992 53482 51943 56448 57583 49328 55351 51577 55468 53368 49412 52375 59653 56456 47930 47669 45233 47332 38073 54032 43225 60441 65792 44423 39968 56650 46085 52238 60469 51887 38956 60326 52679 41939 57911 58972 64824 47614 53472 53877 53491 46802 45061 65426 44262 53205 50786 67217 42903 42323 64578 47342 54822 59837 51246 47448 41517 48105 58997 51803
41970 52354 46577 46412 51109 36752 57210 54729 44592 36805 44081 48038 50511 41729 51338 47814 53715 42727 45414 40710 42815 31851 43172 38106 56412 60971 40421 35471 55197 51363 40795 56660 52532 36670 48315 44428 42160 56296 46487 47625 49427 44537 43219 42905 38099 31325 57159 44427 45356 38044 54285 39090 42961 59427 38873 51722 54053 38826 44237 30763 37597 44173 47969
43791 50028 52065 37333 51867 30970 58922 45152 40359 43965 47163 43071 50079 41464 57022 53458 47091 50800 51217 43869 51912 35014 40674 38665 59619 52698 37582 37008 43676 41477 48004 54071 51912 37649 51013 44364 35438 57951 56735 47330 43019 49637 43730 45550 43615 39850 56452 44600 46889 40094 62263 33157 36475 60446 38689 47943 46167 39238 46990 33174 42793 46655 51695
39285 47746 48259 41361 52117 37076 48392 50698 35300 43897 47558 40670 49599 38893 49362 53836 54357 43153 44820 38504 40890 36196 42950 34380 55997 52774 37238 28286 42963 37805 39280 53835 54518 31701 56274 44863 41327 50246 48471 48869 38004 35715 46333 47392 38691 41174 60299 37941 39374 44240 56941 34271 36263 51940 38869 47521 50394 41346 37778 34888 37365 47842 48162
43282 51097 54272 41452 55387 38923 59123 60421 34691 50763 52932 45742 53891 46529 51456 59635 56154 54536 51137 45414 44437 39119 42751 36824 57510 54666 43218 33911 49017 47123 46042 55238 52024 36656 66784 53693 45744 60848 55065 58178 41169 42668 51107 50201 48760 47055 60821 38019 49478 40763 61525 37011 41116 58401 45627 57559 51584 46204 49364 41147 39261 55343 53352
54400 57835 58299 51946 53394 38077 58856 59672 40815 42560 42590 50651 50891 48557 59951 65855 54331 52903 52347 41283 47514 41371 42363 42903 64665 60588 48021 43014 59002 49106 51606 60877 59247 42612 62869 49094 41344 62505 55246 54373 51716 48534 54470 56209 45491 44364 63586 46765 51000 40239 66761 41494 42613 61685 39370 58986 52950 41788 47874 44004 38463 57426 54580
40716 53389 53336 36734 49067 30756 58062 46769 47805 38314 43476 46026 43502 39691 51836 45145 49320 43609 43585 42719 50202 37603 38065 39092 58518 55772 42278 34005 45965 42429 38728 47034 44693 36716 47052 40623 36226 50991 47606 46939 43152 46872 36989 38696 37025 34262 46343 47169 45163 41474 51367 35491 45694 61565 35859 48057 48701 38716 37150 31162 38954 41360 51349
29223 38354 35266 29246 44472 26261 42634 41615 28608 34219 39830 33301 42277 31174 39159 36223 39323 38057 36395 36640 36733 28493 31589 27078 41527 41420 30639 24245 35911 37145 30935 41780 37738 26231 42406 38074 36749 44213 39770 40106 30147 34936 32824 31742 32972 30685 42902 31343 33709 33613 41267 26089 33536 46207 29924 39356 43219 34399 35696 24174 27824 38235 37252
46231 53464 49955 42135 46783 38264 44994 52515 42264 42303 40411 46708 43904 40684 54540 57834 50333 41030 41171 34115 45222 41941 43729 41290 61693 55785 43892 30246 44189 36612 41003 48570 48248 32180 59175 41703 40874 48901 51882 55237 36162 39286 52274 47674 40475 38617 55687 41914 39600 48635 59077 36406 37823 51501 35353 47933 50814 42934 39657 38882 40834 53806 44273
39075 36262 37934 37809 36935 28613 37430 36285 28606 27783 29992 36453 39120 31667 44541 47721 32890 33058 39582 27140 31900 28040 32949 26814 45391 44409 28530 28419 37777 34173 34971 44613 45439 23822 43996 33249 29171 42894 40399 37793 29873 30679 41940 40309 35036 29566 47841 30420 29909 32123 48855 31416 22587 40282 28896 39058 42052 28791 36084 30295 27421 37840 33977
31386 41611 36429 32343 40211 32258 39631 39886 29438 33641 35220 37058 37169 34376 32131 33453 39633 39487 31842 38331 36813 27134 30103 29753 37602 42227 30485 28098 39337 36905 34955 44485 38226 30172 37195 34834 29765 37435 37445 37840 41425 39826 27087 31830 25052 32899 42561 35224 35414 30662 42368 25557 37048 49423 32549 40663 40296 31712 30929 27518 28104 38830 42669
35730 43787 34822 32165 39018 33380 37903 40519 31192 35362 32169 37993 36767 31096 37288 41328 33815 35651 34569 33280 35508 30148 30970 30582 42754 43141 29310 30849 39847 35012 39176 43589 35565 27404 40181 34168 30651 40171 41573 43011 33403 41612 36148 37642 31348 30966 42295 31372 35752 33661 48832 27880 31281 46573 29484 38271 43141 35618 34534 29855 29096 43964 32826
34669 51831 37737 38640 48261 35724 56982 58444 39270 42991 41721 44142 48908 35556 51181 52254 49889 42854 44273 38656 45778 40873 39179 41977 59073 53841 40476 34571 46921 47090 39344 48033 45027 36567 52225 39861 40450 46238 50894 49111 43324 45900 48089 42396 38434 33832 51768 43371 42702 38286 60075 29860 41965 55616 37617 43690 47087 41614 45849 31993 37842 53478 40706
32314 39118 38834 31325 37963 33349 43510 36932 30337 40460 37534 34727 38682 32667 36568 39311 39390 33625 34145 35845 34284 26415 34338 32495 40928 40342 33113 31160 39333 30348 34812 38973 33701 32841 41191 40043 26779 40352 38318 44394 34319 42216 32579 34216 32533 36840 42226 33111 38341 32377 42768 24246 32294 46834 30324 38807 38406 36529 30332 27399 25535 38034 39857
43924 51691 54155 42987 54211 38078 56630 54439 37803 49989 48065 47210 54875 50210 57561 62537 48972 54155 49976 45632 48812 44134 49023 35997 55474 58631 49532 38337 52446 44118 44049 55353 57901 37495 65090 52077 39014 54349 61922 52090 45582 47315 53837 51833 47986 49691 66063 44262 50191 47054 63484 38849 39058 62445 39388 48449 54059 43807 46214 37947 41086 62799 54240
44041 52377 57048 48996 55914 50369 64937 56695 47184 53159 55010 53048 59003 47245 52636 62596 62626 45607 53473 45543 40779 38183 55206 37226 60724 67715 44785 38723 57117 49555 42337 59298 57976 38206 63303 53955 42333 54220 53361 60970 46219 41025 55875 50252 49447 47222 66374 46753 50723 49694 62364 45902 42594 62006 51506 54335 62944 48283 44894 40330 43947 53333 54292
39600 52034 56957 45315 48898 41871 55318 55651 46028 45138 50373 52019 50531 48757 50806 52629 51177 42067 44932 42597 43898 40267 49779 34899 54000 63240 47061 30345 50689 45004 35295 50170 52763 31319 63526 51703 40451 54327 50717 54772 39723 42998 46702 49523 44970 41160 59658 36281 45433 45669 53923 42798 40676 61139 43546 54409 55241 43734 39435 36717 37039 46211 55487
26129 33695 29635 24771 33678 22639 32410 36311 24349 28776 30472 31012 33376 31729 32174 31745 28355 36084 28944 27316 33314 21227 28493 22454 32045 35280 25149 20298 29573 31889 30997 35961 28484 20934 36395 30098 28265 39822 37888 36846 24905 30410 31817 28391 28866 23683 36702 24008 28748 26685 38163 22497 23772 37162 26499 33447 32869 25745 36703 22941 30567 36535 30190
34545 44376 46285 36657 43537 34191 52137 42370 37227 41857 41981 41505 44053 39136 44393 44820 42913 41564 42394 39702 41541 28062 39961 33227 45392 49802 34790 34085 44893 37815 38600 47765 46608 36254 43281 41834 27789 47647 43986 41392 43626 45102 34126 40982 36705 37372 50604 36925 43707 33371 50049 31153 33665 55630 38333 43621 41499 34414 37684 28998 33555 38405 49097
25694 39296 41036 31058 37766 30217 42446 40505 31567 36120 33096 34505 35001 33794 31810 41592 40224 33783 32564 28370 30114 27755 34282 22804 37064 43201 32696 26771 39425 30724 27969 37680 33931 28504 40743 32523 24437 33612 33787 40295 31060 27359 36119 34556 29023 32904 39026 31197 35069 32621 39439 29232 31533 42171 31016 33636 38662 28922 25907 28524 30690 40169 37390
40568 52694 47957 42794 43570 41224 50689 52763 44788 43660 42915 50078 45901 43918 47238 47363 47768 38577 38346 38015 46284 35596 44624 42823 54285 55641 44821 33376 47763 42737 39400 45027 35711 36053 55387 45554 38041 51491 47229 62622 36363 48298 47503 41036 40185 37178 48215 40765 41315 43415 51523 33295 41807 55052 37366 51722 50064 43233 42238 36843 36831 47995 46198
42972 51464 52771 43632 46940 41941 57344 53403 45255 42364 43581 53595 49754 47907 50473 56254 44168 44557 47050 42521 41802 42345 46868 32315 53079 64338 46477 37358 54626 50068 39172 50737 50543 30432 60918 47793 37363 50107 55064 53118 42221 44679 51422 47672 46638 39409 57239 40443 48152 43711 58279 45438 39850 61698 42010 49842 58239 42398 43457 37677 38673 54238 48270
40113 48638 41508 40728 48986 40474 53868 52299 40980 42860 44526 47346 50645 39586 50390 48643 52551 43643 42928 43641 44324 36156 44074 41459 55081 57027 41980 34033 49059 47384 38120 50829 49356 36867 51064 44574 41638 46821 49571 49741 47691 44613 43460 37593 39353 37525 55645 47664 43368 42454 54206 34064 43200 57604 41183 47830 52989 42511 45000 31444 37573 49637 46670
50851 56921 61162 50173 53706 42468 62464 64790 45432 46345 49944 55001 53587 50986 59318 63886 59478 49995 50710 45552 46662 47633 47300 43292 65651 65480 55369 37050 57695 51934 41780 53783 56476 38500 73135 55582 48199 60245 55499 61315 46560 44981 55683 52207 50382 46398 62526 46091 51155 46517 61085 45113 48608 63745 44504 62836 58879 48524 46523 44274 37457 56761 57782
37588 36040 39965 37017 38136 31722 47756 38656 29310 32736 34253 39917 43259 35950 44097 46820 34881 38071 41816 37500 34478 32746 34015 29467 43615 46766 36152 34064 43203 40707 33094 42599 45775 29458 47868 39795 28401 40675 43407 38465 38677 38729 38815 36810 37985 36565 47885 36660 37335 30790 47750 31520 30869 49365 33353 41925 43856 32444 37363 30294 24036 41021 41863
47611 57757 59194 37519 57880 38509 59361 54407 49528 45322 51423 53507 50551 45000 57248 56376 55145 54666 50778 50118 55059 49791 43215 38836 66230 63819 45725 31948 44894 48677 42745 54045 55030 31878 62643 45501 47565 52014 60190 54781 42496 42945 47613 44181 45734 42661 56216 51144 47006 54097 62634 43963 49683 66481 46780 54261 61497 46960 45157 40449 48922 55280 55612
34635 47416 48630 38794 44889 39666 52302 50269 40359 40954 43802 46706 44522 41723 39538 45061 45869 38960 40196 41069 35896 35280 40949 29139 45253 56341 40319 31316 49555 44230 33322 46110 43802 29638 52604 45408 35625 45539 42998 48646 39334 40165 39026 41504 38412 36932 49534 34177 44089 38146 47244 39008 40480 56843 40097 47955 52116 40161 34183 32936 31393 43468 47101
35371 44396 48356 40181 39839 41965 44324 49132 38253 43414 43934 46560 43753 45514 39632 46236 45775 36911 35730 35156 36232 31194 46442 31835 43776 53553 41007 26123 43682 37742 33229 43005 39419 28117 57449 46642 34726 46943 44109 56474 32281 36468 44894 41627 39948 38418 51756 30632 38897 40791 46472 35704 33746 49098 40283 48883 47329 39528 37149 35464 35058 44033 46757
37351 45282 47579 34620 52604 29695 49131 40928 33530 34130 44393 37028 45141 30678 44402 45230 50474 42703 44507 42907 44549 42676 28954 31557 58549 46779 32264 26286 32572 38008 35025 49162 49368 26978 50276 35323 39622 39468 44457 42786 33425 33028 37638 37648 30245 39352 47051 44285 31101 44137 53209 29971 43375 52715 35526 44963 50894 37908 28900 34994 32711 41447 48378
35764 49238 52721 38393 45577 38425 54741 53020 37865 47934 45140 45054 43845 40142 43994 52255 47482 42342 44385 39400 41011 35621 38863 35523 50224 50809 39415 33323 46183 38840 38307 44935 42675 37143 55661 46220 33440 50485 42227 52889 37109 43093 40071 46813 42291 42948 47395 32567 45204 35987 51459 33529 38161 55364 42643 51612 44203 40825 37894 38059 31018 42626 50158
47697 54042 49938 38514 47236 38141 45166 49902 40319 41253 40073 45032 41297 41064 46879 52827 46538 42537 39888 37509 39219 38211 39231 34762 55366 54498 40843 33399 48671 38791 45780 50742 44018 29381 54876 43801 40246 51507 51844 53633 37674 43212 47385 47065 39359 36736 53570 37485 45810 44038 57498 39228 38894 54351 32822 47821 53212 44697 36877 37111 38455 54462 41204
45198 56066 58059 39508 56361 38672 63120 53380 46279 54041 51536 47734 52775 44433 58971 62285 54109 51231 53400 44505 50410 39573 48318 39873 62917 59503 43858 39709 51175 41877 48461 55200 52640 41016 58473 50153 39274 59569 58330 56566 42764 49028 51001 51189 50158 45597 59702 45303 53755 47704 64507 39662 40151 63350 43162 49873 53617 46784 47041 37499 46454 54830 51947
53153 61290 63747 50708 62214 46116 64484 59507 50974 49508 57998 58774 60738 53384 61749 60486 58502 55609 56356 55038 55451 47028 51981 42078 67095 71174 49776 39359 57436 55575 49571 65347 64390 37222 68733 57609 50098 65221 63807 61125 50185 54354 52596 54829 50944 48068 70023 49626 52995 53963 68335 48333 49592 73950 49260 63654 67956 51570 50082 42885 45317 56667 63211
42546 51152 45928 39151 46385 38258 48788 53477 43249 37326 40481 52305 44153 43570 46986 45007 47445 48059 39892 42153 47379 35928 39839 38669 51450 57667 41389 30235 46707 49846 38488 49192 44737 33132 50962 40480 42124 48374 47712 50980 45130 41346 40149 35398 38288 33712 48547 45078 41217 41200 50364 37556 44427 57296 43320 52935 52500 37951 47321 35512 40833 47822 48132
41807 44127 44941 38226 42199 33036 51156 45216 34062 39857 41096 39512 44357 36887 51430 52753 49151 41371 43311 36323 43007 35610 37330 41539 59369 47238 37975 31485 38250 36031 41171 45742 47294 34128 53745 40561 33878 47081 50223 47063 39794 41194 45571 42134 37781 38052 53700 42069 38980 36456 58821 27649 34292 49523 35952 45949 39141 38048 40349 34417 36002 44700 46765
41706 54223 46726 41459 51933 46127 46318 50315 42113 50205 45263 46441 48240 35619 48082 56521 48396 38508 45237 38422 40614 37176 45737 36101 55771 56906 34264 34783 48319 37120 44700 55515 50119 33060 51700 44110 39142 48560 48454 54935 36417 44327 47295 51688 41494 41425 57312 35995 42856 49173 60655 37896 35285 55383 40505 45378 57512 47293 37984 37103 37895 51387 40753
44294 51090 47214 37513 41350 40299 42349 43582 44834 37408 35728 50759 37685 37496 46066 47585 39052 39476 39671 37614 43180 35824 38594 35848 51217 56338 34437 31660 43663 39191 40666 48172 47155 29117 45158 35873 32908 42892 45953 44993 41081 43041 36675 42244 36606 33108 47853 38615 39876 41983 53861 38936 35710 55672 40553 46556 50466 37612 37989 35436 37843 42419 43702
39922 45043 53342 37965 42789 39519 54651 44156 41515 44160 43232 47367 44860 40944 49709 56095 45128 40976 46467 40148 40966 40186 43608 33746 53869 56413 40857 33231 43370 37956 35601 44744 51744 31381 56642 43230 30022 42234 49963 46328 39492 39098 44100 44974 43659 42620 53644 40076 43463 42094 56102 38729 34697 56193 43660 45484 48090 39216 36653 36527 36587 44454 50777
38973 50254 43475 45382 51673 35182 55505 49269 41698 35797 46057 45130 53684 38007 52620 47637 49005 40634 48005 41123 47326 36563 41392 37412 60200 57786 35102 33111 45402 48494 41273 57043 53496 31136 50077 41218 40770 52762 51248 47499 41332 46013 46374 45131 36498 32245 58361 42924 37336 41451 60867 34172 39004 58196 37287 47850 53633 39006 43035 31448 37792 43702 46774
36819 43171 40613 39872 44139 30768 43544 45102 29834 33853 38953 36875 44147 34978 45226 46935 42980 38350 40957 34164 37999 32843 34525 31857 50640 46458 32208 28115 39591 37388 38209 49733 49308 27683 49260 38623 35206 47212 44879 41036 36078 37791 41448 44656 32960 33605 54037 32627 34146 34261 54312 29160 31210 47823 31607 43789 42841 34578 35848 31272 29944 41921 42358
38366 51551 48013 40756 41944 38888 54088 48221 46345 40940 45011 48993 45174 43370 48196 42858 47110 38435 39410 41993 48080 35953 43654 42524 55195 56807 42342 32205 44899 42360 39009 46065 43535 33766 51313 44212 34059 49263 50499 51122 43630 52540 39688 41593 36387 34241 52406 41222 43020 39720 54739 32686 41206 60396 38563 49285 45551 41054 38852 31644 37598 41330 51954
40585 50135 49470 37964 44182 41339 53501 49147 42535 41446 42554 51708 43315 42019 44222 44981 45154 44596 41298 47860 45333 40523 37931 38636 50191 56416 42916 34478 47633 46436 36863 45793 46195 34702 52240 44124 35449 42965 46745 47729 47667 48678 34059 38370 38096 40533 47717 43372 45113 39245 50764 36508 46173 62982 44001 52265 50897 41419 38248 35894 32021 44279 53420
35940 43044 36876 39949 44472 29841 47033 53347 28808 33815 36501 39929 44924 32820 48946 48240 46410 41891 41167 36092 43104 37901 30883 40319 53662 45024 38201 28593 40006 43482 32687 44244 46471 35074 52057 37436 40123 43915 40587 43313 39707 36665 40583 37385 34541 35648 46816 40370 32183 32902 49779 25039 39172 47594 35085 48419 41653 34342 42536 33585 25857 43747 43599
33526 49337 40584 40640 49407 37762 51527 50936 44080 38613 41414 45050 48667 32797 46716 49384 46886 33898 44186 33525 38648 34907 42729 31295 54403 58160 33467 31097 46897 44865 34325 50160 44490 28894 46683 37187 39698 45483 42905 50264 32522 35455 48074 42016 38374 29390 49305 37980 36579 44032 52884 37788 36555 51209 37526 41258 56837 39201 39500 30824 37686 45005 35176
40781 45526 47340 34328 44334 36729 43371 39540 35168 41256 39102 38078 37744 30152 40932 47895 48076 35906 39080 35941 36063 32610 33159 34844 52413 44948 31824 30513 38831 29430 38748 45018 41866 32793 44940 37658 32514 40833 38027 47143 34534 36080 35678 39737 33244 39763 44319 38016 37672 40289 49031 30512 36437 47835 35359 44113 45404 39810 27924 35161 30378 39400 42459
41739 44746 42583 35721 42752 37002 40834 40666 36318 40424 41517 39564 42702 40672 43410 43996 44437 38078 35202 36641 35517 27699 43711 32178 46630 50495 36711 29449 44116 33981 41594 48753 43558 27352 47478 44518 35421 48833 50636 47559 38055 41992 41967 40296 36194 34149 57020 35341 42711 41126 51507 33951 31636 50123 30899 41241 47685 41005 35848 27930 37951 47398 40550
43914 48984 54330 40664 48278 39931 51163 50132 39938 46257 45569 46637 46867 43168 49497 56926 48513 43756 46024 38713 39719 35661 44625 33437 53450 55940 40688 33071 48001 39423 41391 50358 48958 32666 58667 47988 37910 53696 49276 54579 36359 39237 47857 48197 46072 42413 55826 36020 45531 43451 55369 40199 35152 54359 41308 50877 52289 42719 40978 38364 37541 48554 47680
35478 46889 42239 32845 48464 40148 45139 44773 37898 43889 43106 41458 44165 33276 38751 46791 44053 37251 40428 38189 34049 33789 39663 26774 47041 52058 31402 29979 43544 37880 37766 48417 41137 25808 47129 40781 37886 42605 44702 49998 31069 36561 41831 40747 38113 35900 48601 33241 40532 44398 50978 36866 35439 51164 37363 40246 55789 43398 34082 31774 35799 47716 35687
43698 53478 49238 37440 47907 35834 47238 51949 46368 44107 43592 48620 44970 46370 54227 48004 47816 45763 38120 39662 48822 34247 48211 40194 52693 57732 46968 30584 48890 40549 40215 47780 44399 35187 52665 46661 41729 55690 53469 53436 41758 46200 43756 40249 42756 35356 54624 42628 47007 46886 50632 37522 40054 57691 35431 48002 51143 42444 45537 30555 44048 51694 46933
42582 49907 53285 45781 48760 37664 55768 48547 43570 40377 46378 49034 50410 45460 52845 50590 53106 46086 46366 41873 50434 34920 44974 40932 58253 57889 41324 33205 45348 44637 40858 53732 52596 37534 53829 43603 36420 52429 49889 51764 45268 43551 44834 42930 38807 39888 56955 47594 40324 42669 56758 35142 40713 58406 43135 53082 49095 36866 43633 36752 41531 43273 56886
35610 44944 45015 36827 43813 30048 50497 45899 33033 36267 38732 41521 43510 39125 44557 46754 40305 45568 43028 38277 44934 35036 33215 32787 48940 47193 35315 31928 40032 41713 38942 46684 43627 32277 49430 37597 31458 46289 46514 44200 38161 41450 40080 40603 35583 36560 46801 37690 37623 33226 53321 29309 35797 52777 36489 45771 41549 32472 40666 34406 33792 43959 47098
41453 45561 45442 38679 48908 26368 49182 49701 31114 33119 40955 38085 44960 40616 49290 46176 52001 49427 41016 39775 44292 34211 33411 36536 54070 47387 40501 28668 42412 42725 39125 50541 50205 34154 51599 40973 41119 51419 47713 41860 45185 37169 40001 37774 33243 35772 53758 44248 39393 34840 51532 29595 41439 51981 32712 49319 42842 34184 40731 31720 35185 46511 50201
36093 39573 38309 29759 33960 30509 34102 37261 28595 36066 35851 32571 32109 32197 35295 36800 39477 32754 29794 28983 32463 20654 31308 33020 42484 36741 27242 23164 32360 25534 39358 39308 31894 26671 40669 37004 29619 46411 38130 44348 29665 37648 31763 36207 30029 29226 42860 25170 34830 29062 44311 23148 26234 39780 28970 41842 31638 34559 32100 27983 30051 33405 36766
33176 40065 34102 29668 33103 26775 37578 40217 30946 26472 29735 35689 30908 32026 33156 32406 34637 33016 28833 30021 31047 24763 26840 28158 39258 41308 29878 24815 37866 36134 33524 37788 31174 23506 37212 32140 30481 41111 36545 37309 34098 36087 29968 30945 26964 21820 37603 28451 34828 25411 40413 27529 31950 43158 26689 39440 36225 30151 32033 24877 27607 35115 33281
42909 48605 42688 39605 48293 38810 45512 46858 32902 42746 44581 41880 46275 38147 45291 45789 50469 46782 41584 43105 45456 30686 37009 41576 53333 47646 32586 31989 41436 39602 47681 55543 49515 36255 47572 42705 38361 50598 48569 48036 46431 47613 37196 42237 33573 39906 56428 41029 40274 37590 58234 27373 38178 54681 39982 50801 44580 40499 42332 34681 36355 45134 49628
42742 48812 49759 38150 44358 34736 48281 44698 40357 36158 35779 45907 39801 40877 42355 47328 43019 43754 40390 36315 39961 30647 36487 31196 47699 52809 37069 34982 48228 42044 41120 48634 40173 33490 45182 37827 32575 47747 42818 49220 39826 38528 40730 38438 36629 34643 44345 41097 42432 37634 48636 37842 38421 52783 36450 47117 49502 34271 38573 35738 37524 45479 43567
43897 51792 62035 43915 47710 37995 59138 55358 42668 46418 49283 49592 47800 51978 52054 55828 56550 49805 45298 42746 47716 39259 45917 40290 57672 57713 50475 32732 48454 42590 40257 48437 49474 38524 65584 51175 37603 56170 52197 57309 44002 42785 47806 46876 44335 45870 57161 43297 48227 41810 55501 38028 43495 59576 43777 57695 46419 41187 41736 41015 40648 48740 61460
40346 47611 41495 35479 44736 39811 47941 47455 36674 44462 39526 44016 43572 36554 45610 49907 46655 42831 39845 40809 41755 36925 38855 39491 51730 50354 39268 34461 44753 39299 40020 46210 43547 35808 49330 40999 35624 41090 48010 48903 43294 43956 41322 38202 37503 40276 49804 43833 42731 40994 53959 31023 39804 53770 38283 43872 47885 41910 39744 33975 35275 51299 42992
43939 55637 44695 42107 51500 42621 52136 55576 44748 42537 44014 49842 49373 39943 51094 54469 50156 43342 45414 41312 42667 41488 44264 37050 59545 62386 39639 34620 51457 48154 44180 56310 52869 29982 54545 43192 44094 49497 55332 51076 44234 45005 49987 47887 40687 34515 59830 42272 45556 46316 63634 41429 41262 59590 40213 47115 59118 45790 43508 35037 42441 55874 41944
44380 43546 45264 35180 39565 35388 41164 37753 31839 41946 38440 38913 39112 36991 46849 49344 42187 41690 39262 36728 41811 30175 36702 39348 51205 43455 33385 31698 36856 28826 45299 46700 46245 33710 47432 40240 28798 46138 48641 44532 40190 44682 37697 42730 35885 40451 52893 37323 39755 36359 56249 26941 29369 49167 35084 44575 37271 37435 37315 34108 34582 42646 46487
38159 45338 49340 39537 44356 34410 46347 37898 39523 37317 40976 40222 42819 37141 42103 44910 42592 34268 41164 33271 37048 26198 40047 28398 48233 50615 30828 31471 42917 34187 39621 49572 41885 29240 43591 39653 29890 50100 41156 48762 31085 38485 40709 43240 35518 33719 48810 33285 37566 39190 49279 34958 30571 49556 33137 43430 47982 35293 32091 31715 34642 36565 42537
38986 50457 48439 40752 46573 38937 55839 49822 43470 41559 46116 49933 48543 42920 48746 47103 47896 45303 45060 43671 49847 36790 41961 39857 55715 56876 38633 32665 43453 46657 40969 50555 47369 34072 52613 42459 36449 49609 51218 51415 43298 47465 42124 41564 38993 37017 52709 43253 41338 40395 57653 34036 40961 59926 44441 51275 48644 39161 44883 35507 40674 43942 52498
36582 48539 45398 39022 41731 36018 43904 46292 36535 37813 38509 41344 38767 38968 36228 41897 46810 38708 35287 32638 38771 26263 35854 33951 47016 47312 32376 29499 42123 36756 41583 47910 35478 32537 44326 37173 31979 47670 39362 52053 36231 39178 39289 40115 30065 32826 45014 34452 37298 34520 49097 29688 36192 47819 35395 47140 41707 34551 34941 34976 36473 40916 43521
38272 53458 52755 37382 55175 28191 60752 53877 42482 42174 48264 43808 50279 40371 56547 53384 49769 50043 51018 41776 52884 40780 38926 36357 61834 54812 39769 32353 43207 44985 41966 51777 49795 34854 55353 42601 41286 57728 53813 49282 37404 43844 46117 46371 43078 36705 52447 41952 44025 41964 59842 34789 41122 59935 38519 48987 48948 39410 45697 34128 42627 47712 50124
42153 50619 44094 32057 48470 40883 48180 48877 38976 47101 43924 44698 43814 31985 47557 54347 43754 41579 45712 40984 40121 40831 37283 35140 56863 52501 32679 32029 41494 38681 43834 48592 46318 27825 53124 41948 40560 46236 51600 50268 34127 43310 43341 46186 43640 38063 50933 34531 43899 44113 60896 36459 35712 54916 41260 45096 53226 47688 40763 35976 37009 50114 37891
38251 47791 43858 37464 42989 35447 44734 45682 33617 39919 38008 39665 39645 35115 40883 46070 46667 39684 37554 35765 40899 32844 33300 37972 51181 44834 34589 31566 40552 34798 40969 46198 39471 35015 46776 37627 32579 43650 41442 49071 38209 41734 38661 40596 31271 37891 45695 38210 37446 36129 51866 26778 37902 49296 34345 45817 41352 37397 33908 35578 32046 43867 44159
49507 55722 58248 42883 46024 44754 55685 57128 48799 45498 45216 57650 44853 48074 52614 56416 51137 47354 45311 43971 46716 42339 44910 42449 59188 63374 48133 34586 51549 47687 42185 48683 48892 35296 63005 48706 41367 53605 52341 58501 45082 45981 46298 46121 47372 41283 53636 43202 49427 44588 57326 44204 44737 62227 47998 59498 54549 45497 45906 42682 40722 49911 54228
34012 44094 42889 34483 44806 33657 56077 42293 38568 43942 41775 40670 46187 34091 48000 48851 41466 39939 46699 37966 41652 28575 39944 34052 49595 49760 31830 36708 44264 38593 40055 47135 44597 36803 41718 40018 28280 48132 45423 43069 39675 45340 38533 41031 40895 35465 48518 37742 44059 34188 53645 30773 31198 54240 38633 40196 42944 36087 42041 28162 35364 39723 42320
40924 43137 45402 41942 38513 35456 40935 45749 35261 32551 34477 47849 41443 45483 43099 45630 38371 43079 37032 34256 41017 30530 39470 32103 43026 51906 38952 29050 43584 42981 36146 46241 42875 29285 51409 38978 32825 46407 44290 48685 38056 36161 42832 37952 36796 34665 48852 36897 34842 36108 47113 35068 33100 48634 37695 49513 45758 30566 43171 36328 34892 44460 46194
38750 47958 46900 36858 44634 37040 40621 42567 39113 37629 39321 43427 40441 34537 42453 48219 38580 35279 40932 33860 37346 35234 37615 27240 49580 52364 30039 27683 39908 35093 38382 48601 45255 22755 48597 37329 34579 45014 44161 46992 28337 36371 41383 46601 36837 33489 48892 29223 35480 42974 53257 37859 30772 50086 35813 43275 51923 38524 32627 34815 34483 41810 38868
42754 52927 46950 41155 55327 43305 55395 56004 39810 47765 50969 48587 53679 42356 48192 50424 55058 49490 46420 48619 46284 38342 42986 39874 56545 57265 40723 34609 49542 49666 44584 56278 49027 36054 57028 49604 46836 53696 52776 57441 44709 47541 45378 42632 42242 42607 57541 44461 46069 45186 58468 36004 46183 61222 44554 54359 57956 47883 46715 37012 39076 53498 49781
38571 49342 42453 43625 42925 35274 49502 54461 38408 33825 37857 48299 45846 42331 48579 48142 44929 42546 39972 37745 46549 41540 38140 39462 54802 54955 43333 30597 44518 48108 35893 46843 45584 31123 56287 38929 38674 44857 49368 49505 41557 42390 47173 40885 35240 33764 51182 42479 35814 38441 55335 32445 41547 54151 36650 49275 47567 36197 43060 36103 35049 49852 46740
40912 46559 38807 45620 46522 38501 45783 46987 36135 34117 39045 45656 49104 37649 46303 46580 43049 40178 43626 37781 40887 30392 39496 34706 50573 54538 31472 33592 47068 47152 42118 56921 51316 30804 45659 39167 37557 49268 45845 45756 42748 42911 43251 43110 35027 32345 56127 38824 35631 37175 56380 34134 34099 52879 37915 47746 52143 35601 44071 32853 33828 43840 42250
47807 53583 53495 36648 46761 37013 52907 48352 44611 42499 43955 46829 42070 42819 51035 50090 50978 44888 41182 43679 44716 39583 40430 40504 58900 56187 45292 33983 47745 39955 43548 47933 46967 33824 54539 45998 38978 51098 53807 50223 45373 47840 41328 42549 39874 38240 53763 44788 49677 43304 56358 38042 44009 60478 36425 49958 49915 45089 37305 34403 39715 49494 50201
37626 50445 57227 42432 56736 37571 56391 52111 35382 46714 52146 45616 53720 46327 45868 54525 49653 53344 51726 46044 47365 38976 41238 28623 51686 54737 36959 32996 45006 45256 43493 58233 53764 33063 60556 47845 38512 55029 51502 53416 37463 41006 46099 51071 42468 47904 57944 36483 42581 42935 59512 37364 39412 60300 45596 53792 53770 39728 41783 41500 38713 49709 56966
26830 34773 28525 31634 31875 28862 33427 42057 26428 29215 25449 38116 34745 29732 37112 41572 28885 34463 32567 25159 35270 29313 30229 28001 36749 40280 28096 23177 32017 35471 26552 35446 35652 25095 40504 25993 26907 30930 34857 36621 29051 27193 36707 31446 30584 27561 36828 29411 24452 29076 41771 24312 24957 36895 33394 35009 35279 24080 39230 29414 27932 39157 31255
40766 55293 53409 47463 50909 38263 62229 58618 44639 45500 45835 51814 52386 45602 59134 59203 54329 50017 50534 43176 55877 44348 45149 46533 63674 60155 47069 37504 49303 47744 41219 53258 56865 43680 59435 43927 36920 51165 53378 51174 50589 48623 48659 49065 41810 43818 58363 50109 44322 42423 63487 34208 44456 63170 45377 53327 47494 38818 47244 39705 41054 50942 58924
34669 45420 40346 38245 46475 35047 50683 47841 39990 34327 42710 41508 46749 33095 45481 44642 48847 32577 40399 37773 36036 39270 38847 31935 55395 55348 37754 27279 43148 43242 30244 45740 46577 24384 51170 39971 41295 41558 45233 44924 34975 35621 43760 38551 34765 30172 51467 38988 36197 42261 50943 35629 40121 52051 33560 41877 54069 41193 32501 28318 32028 43257 39473
48216 49797 49199 40665 47214 39520 59405 49105 44072 43706 41982 48026 47713 37436 57135 60243 51964 43475 50147 40140 43171 38668 42370 42794 64429 58159 40948 39257 49156 43888 44049 50583 52393 37983 53503 42722 37123 49250 52482 49932 46172 43557 49144 43940 45415 38713 55304 49140 47459 41781 62371 38386 38821 56868 42443 48235 51036 42743 45540 36467 40459 49216 45504
37698 42278 38195 36818 43444 29274 40800 45673 32133 31067 39205 38176 42804 39433 43054 39247 47132 42626 35022 34130 39641 26072 36928 32845 47427 47267 33818 23363 38472 40607 37576 48940 43654 27102 45749 37744 39720 49295 45749 43502 38689 33742 39997 34082 31017 27942 52474 37701 34235 34997 48180 29290 34225 45705 32553 44901 42580 32385 41788 27855 38778 42692 42161
42760 52537 52291 36840 47746 43362 47037 47516 41558 47298 45741 50053 43708 42076 45438 51004 45494 47763 43836 44241 47415 38414 41309 36422 52501 55165 35528 31332 41551 39120 44891 52098 49603 31604 53525 42753 35852 47024 51721 51381 41007 45500 39229 46338 40046 42871 53599 38168 43237 45042 59190 36977 38149 59423 46683 50817 50779 42539 40661 39728 41600 47640 51737
38857 46947 48379 43982 43277 32465 52129 48394 40074 37018 42134 43070 45224 41935 49743 47054 51177 40444 41975 33266 44389 26313 41978 39678 54653 52028 37120 30337 43783 39979 40000 49791 46409 36929 48094 40760 33514 55200 43699 48587 41724 40400 42641 42275 35957 32326 53193 39711 38915 34065 52409 30829 34372 50612 37675 50084 39617 32578 42546 32243 38854 37051 50275
40770 48410 42406 44293 41077 38674 50652 52760 37761 37322 37310 48226 45524 41144 47597 50275 42475 39740 41482 37604 41224 37188 39069 39207 52177 54568 41666 35646 49626 46827 39209 47478 44977 33678 54105 42520 35493 47723 47451 50058 42997 46749 45947 43833 38749 35198 51822 38604 40869 34903 55458 33784 37929 54555 36969 49689 47391 38458 43167 35703 30705 48042 44248
36397 39568 35669 34669 42482 28962 41273 43083 30014 34200 38279 34483 43599 32069 47904 46621 40372 34924 39237 32171 34006 31571 36920 30203 49497 46138 32725 25781 38606 35080 34925 45321 47745 23909 48364 39623 37404 46675 46995 38796 32331 35215 42449 41207 36796 29798 54409 30681 35395 35821 51665 30211 27262 44751 28377 38343 43817 36803 37392 25507 30421 42901 34903
48276 58053 57485 42833 50047 47728 57973 58015 48768 53754 48519 57178 48214 49476 54525 58226 55979 53102 46860 47697 51885 39807 49364 47154 58893 63057 47957 38269 53572 45986 46968 53693 53314 43895 59134 50163 39336 53806 55073 57498 54123 51646 44163 47115 46667 46837 58854 48625 53893 46007 61070 40576 45818 66093 51657 57726 52233 46344 49070 41537 45680 53700 58978
34383 44919 41334 32007 39413 35090 42066 44841 29989 38483 39194 37027 36422 32518 34386 42651 40577 35408 35695 35890 33178 35071 29228 30358 46970 42850 30704 26772 36626 33504 38542 42146 37385 24095 49865 38863 33020 41506 42518 45371 31347 40385 36042 42986 31592 34399 44880 25994 37524 32503 51984 28323 34127 48136 33176 43743 40677 40131 28952 33633 27316 41560 39419
45662 50352 54408 44295 43223 42243 52750 50664 48144 40756 38144 53156 43544 42464 51361 58720 47827 38010 44482 34137 38691 38071 46263 35849 56152 62574 44589 35358 52292 42967 35991 46393 47332 33571 56142 42125 35106 46692 45076 54569 38775 35545 50597 44558 45241 37451 50541 42712 43682 44915 52561 45151 37705 53590 42158 49580 55293 39421 40009 39457 38452 47392 44823
43871 54253 54242 44854 56894 38639 59665 55937 39685 45692 54189 48110 57192 45906 56061 54290 53679 49341 49926 52078 52663 50532 42623 41409 63909 58303 48933 34572 47286 48577 41775 54489 55099 33884 68837 53767 47108 55353 59603 57031 41565 52399 49675 49526 43751 47971 62177 45203 44337 48839 63163 35589 48688 66354 39206 56444 58226 49883 41460 39345 34035 55119 58045
41812 48794 44346 37701 43605 37825 41734 42289 42712 39799 37246 46185 41795 35607 51601 51045 41308 38036 40646 35228 45251 36873 42509 37564 54388 54326 35582 30421 40504 34577 38552 47852 49782 30463 46554 35926 33363 41852 48580 44758 37949 40834 41884 42827 37285 35278 52163 41081 36685 46283 55644 34873 32645 52382 36917 41145 49262 37853 38177 32877 39312 45387 42163
42718 45601 49309 44273 43599 39993 52158 49998 40891 43009 45870 49359 49529 46676 52970 50656 49433 43548 43678 40426 44606 30836 48438 40995 52396 57115 43016 31792 47385 43468 38856 49647 51753 36261 56065 48909 36850 54758 49924 51282 45110 44281 43953 42698 44082 39119 59419 40605 43429 39074 53312 35708 35065 55759 43668 53479 46538 38853 47533 33789 37673 42556 53599
33650 44256 43556 36118 42963 33394 45224 40799 35000 34956 35018 37556 37889 30003 36147 44382 45204 33942 38087 31581 34306 30575 31388 29221 48013 45702 29653 30364 40105 34321 34494 44645 37945 31031 40545 31799 29456 37407 33702 44808 32844 31387 37444 37206 28849 33808 39781 37279 33444 36165 45968 30334 36226 45374 33578 40313 44890 32811 27448 33466 30573 38313 38900
40473 48187 44970 47007 41696 39434 51251 50576 42282 42087 42182 48248 48834 42472 55542 51178 47648 37453 42404 36538 46919 32767 47874 46009 56065 56079 42783 33857 47458 40873 38553 48443 50464 38973 52809 45196 34030 52084 48192 50461 44840 49078 45156 45392 40453 36831 58094 41191 40301 38814 55750 31191 34375 54897 38802 49748 43618 38403 44949 32498 34716 42030 50261
37673 50747 48347 31821 45764 37573 53418 50985 38089 47179 43674 45314 42178 39992 42886 49961 42904 47131 43238 42788 42815 38119 36465 33909 49766 50903 37805 34026 44480 41225 43023 45673 40634 32707 53217 43675 34758 48023 50604 50427 39013 46844 39887 43741 41717 39757 47205 34810 48185 37144 56154 34290 39133 58132 41411 47257 46122 42656 41102 36057 37164 49921 45561
35557 42730 50433 40978 41168 29832 48076 45662 33285 36005 38226 40447 42336 42508 44395 48741 45067 41126 39567 32143 42063 32624 37384 33013 48558 46597 40389 28930 39843 36202 33674 42670 40538 33748 53959 39272 29920 46647 41260 50010 32959 33641 44642 40324 35524 39043 46269 37446 34233 35516 47000 29368 34532 46529 34155 47313 39394 30438 36024 36700 32730 41787 49577
34423 42081 42127 35445 42230 30963 36280 37749 35074 31814 33787 36419 36897 30180 39043 42304 42005 30867 34296 28393 34017 29636 34511 27071 45838 45787 30371 24528 36987 30013 30316 43120 39773 25895 40736 31666 32057 37868 34115 42795 27593 27000 37402 36132 29001 31210 42090 34481 28913 40949 41701 31502 32007 41763 29079 37837 46722 31983 26240 30118 30682 37247 36292
43125 47004 51430 38592 50993 31723 52262 49602 37843 42189 43509 45039 48457 40376 55820 55345 43248 47550 49245 40154 45337 35583 40561 33835 52923 53199 40089 33597 46884 42420 39395 49786 51054 35175 54900 46215 39672 57271 48332 48343 36623 40552 43504 44816 48030 40413 52340 37755 43802 40757 52118 37679 34843 55525 38763 50679 51151 38790 46838 34650 34116 45696 47094
51640 58300 57522 48212 52399 44670 58000 56046 47558 45045 50855 57965 53111 52783 56855 54735 56649 56649 49347 50109 58780 41647 47137 48129 64929 64215 45344 35745 48149 52092 51067 60790 57840 38713 62042 48097 43179 57928 61462 58390 53781 53048 48275 47595 42485 43762 64136 52468 46451 46935 68055 39107 47031 67410 50863 62282 54044 43481 52727 43711 49674 52886 63750
38255 41959 34136 31874 35968 33084 41036 38953 35417 35677 30464 39661 36253 27859 45078 44967 34556 32483 36984 31132 36759 29292 33326 36594 48148 44765 30297 32118 39368 33692 37324 40075 38044 30864 38249 32916 29118 39897 40965 40756 35513 41502 36146 35681 35412 28938 41629 35557 36494 33387 49096 28024 28828 45587 31548 37499 40508 35101 38334 27860 29869 39343 31860
40828 39760 39342 27778 34501 32767 34041 35835 33040 33167 30612 38624 29900 30289 39843 42456 39083 36209 31913 32205 34030 30519 30739 33020 45893 43098 30877 24266 33139 28875 34515 38204 40853 25478 40850 31252 30277 33971 40190 36815 36653 31264 30958 31867 30950 31073 41949 36360 34717 35558 45253 30198 31002 43083 34056 39151 38888 33497 31578 30142 32966 38420 37487
38652 44264 41737 36572 40580 37137 36610 45611 32206 38641 34970 41028 38381 36051 40993 50145 37853 36910 37237 31296 31687 31893 37835 27631 43323 48928 32812 28325 43468 33982 37697 46609 45833 25473 49085 39102 33284 43568 43086 43294 33848 34663 41206 45776 37079 34732 51457 27083 38292 37071 50804 35659 27777 46066 34227 41810 46351 36822 34921 33299 31066 46184 36649
43145 52870 51908 39629 50181 37287 53154 45457 43307 40788 43820 45191 44517 39274 46220 47985 49425 43454 44581 42055 43175 33530 38958 34760 54912 55671 35709 35732 48409 41362 44840 54636 48818 34518 46026 41752 35491 51045 47223 47481 44227 45537 38701 44427 36145 36817 52483 42143 45677 40910 55972 37696 40932 59524 38379 48251 51804 40151 35958 34040 38631 43769 48744
31676 43872 44440 23910 43363 28369 42715 38451 38018 36196 39630 38585 35213 34699 35896 34113 40505 41051 33142 38466 41083 30994 32196 26732 42200 45018 32807 23098 33777 34163 31885 38554 32278 25467 40575 34565 33714 39832 41087 43334 30366 34117 29216 28162 31468 31075 36305 36261 37068 39668 39527 30906 38931 50168 33722 39425 44709 34828 31355 27350 37426 38845 41390
32068 45361 36762 28440 38609 38715 35929 41317 35412 41958 34475 38318 33491 28497 34687 42048 40148 30734 30119 33215 33177 34885 34725 31959 43809 44709 32601 26755 37663 27839 32519 37834 34562 27101 41879 34127 30759 30429 38746 44260 32002 36987 33991 36218 29751 34560 40806 32584 36234 41107 45401 28705 34965 46114 31926 34529 44551 40525 25358 29734 30170 44728 33518
26127 31183 31449 28479 30052 20369 22416 29993 24345 21195 25937 27191 27979 27307 32307 30360 30357 25240 23391 19813 29348 22281 27746 21661 34206 33774 24660 13380 24130 21572 22718 32923 33103 16619 34738 24712 25747 32211 29795 30866 20382 20501 29340 29304 20791 21897 36905 23064 18593 30405 32773 21772 21140 30171 20062 30273 30934 21732 22496 22057 25121 28227 30765
39852 48920 48610 38295 51604 40139 54631 48135 39390 44364 49966 45784 50053 37961 45325 45824 49954 43007 45622 47754 44149 37642 38668 36718 54548 53520 37324 32694 44264 44667 39830 50644 45761 32833 53809 47525 41635 50320 47246 53801 38351 46470 38988 40726 40367 41560 50987 40326 42224 42961 53245 34266 43780 59709 42120 52603 55033 45824 39047 35242 32348 43275 49855
31821 39582 41018 37067 41190 26038 48990 43271 27770 35419 40773 33378 44078 36697 47043 44360 46543 40984 39755 36070 43455 32728 34269 37109 51376 41764 36174 27046 34398 34164 34743 44014 48437 33347 49283 38468 30022 44087 45893 37261 40802 39718 37665 39724 30412 36519 53042 38071 34311 30342 52647 21145 33054 48422 31825 42061 31710 31086 35362 28468 30644 38835 50458
32553 44244 39777 32949 38162 36619 41346 46730 38672 41413 40072 40733 39407 37038 40508 44513 43915 33332 33714 28400 35200 27804 43272 32026 46947 49481 33573 23235 37604 33025 35105 40709 34843 25049 48510 38380 34346 44858 44844 51613 28152 33753 44956 38930 36975 28648 48063 29267 36886 39231 49128 31658 28714 43187 35583 39571 42103 37941 38325 29507 40977 43344 35207
25455 30090 34462 28354 37062 28312 35354 30085 22112 34499 35204 28869 36870 29141 29184 34151 32451 33606 34288 30829 27351 15469 31002 19109 28473 35139 19731 24589 33211 27750 31412 41886 37651 25967 32070 34280 22663 39040 30699 32812 29400 29766 25331 32687 29245 32175 41432 22570 31169 25642 36696 23957 20952 39156 32056 34438 34729 26102 29853 23244 24053 28166 36350

