64 64
2 21 92 85 17 62 12 9 90 43 18 51 41 100 64 36 91 58 7 11 54 54 45 90 34 88 99 54 28 85 83 41 73 23 38 45 38 42 1 61 64 21 10 42 84 16 43 5 5 97 65 72 26 25 20 44 69 43 55 92 10 48 96 34
25 96 10 47 58 85 50 53 7 15 34 67 33 11 91 35 32 82 21 80 81 68 6 34 47 57 23 79 70 98 81 69 8 93 100 70 21 20 100 50 90 23 67 11 51 67 83 11 56 42 57 95 85 97 10 53 40 75 42 62 39 64 92 24
91 22 84 52 71 31 85 5 25 18 92 51 19 82 7 17 82 75 35 45 89 3 54 64 59 55 97 14 36 65 58 42 18 17 57 77 21 20 100 99 67 1 3 99 30 56 100 1 84 45 87 51 88 25 95 25 47 96 80 84 46 34 94 81
86 76 80 100 37 47 61 5 53 32 100 29 86 66 25 44 53 42 55 22 86 67 27 66 23 6 34 60 75 23 19 12 63 44 27 46 49 55 24 88 94 28 82 38 75 36 78 76 4 6 71 12 16 41 53 98 59 57 49 12 14 76 40 46
71 51 11 7 2 42 43 47 70 87 69 97 58 60 16 14 14 76 63 92 24 75 5 48 93 38 22 79 9 69 41 31 11 1 60 2 93 16 82 53 46 74 3 94 46 5 76 39 86 29 60 60 63 45 60 74 5 46 100 80 69 6 31 87
30 87 82 94 96 8 66 82 98 21 56 30 23 12 1 7 90 3 14 42 96 5 29 2 33 95 19 84 32 5 64 14 65 49 66 93 61 11 36 25 90 71 39 79 26 96 8 74 79 21 52 56 82 99 52 77 13 22 68 72 71 33 2 35
70 9 28 68 16 2 77 79 46 53 17 28 58 88 100 55 73 54 45 56 70 13 34 52 2 99 1 21 87 80 66 48 17 98 74 69 64 37 36 48 21 20 70 46 40 16 12 33 76 39 33 81 7 46 28 52 68 35 29 37 54 32 63 63
85 46 91 9 87 48 13 14 73 1 42 54 64 36 39 49 31 81 66 56 61 84 4 94 67 69 35 63 72 48 45 82 37 67 49 20 19 85 35 84 66 18 50 37 11 75 82 23 67 56 50 90 19 67 78 47 66 20 79 47 39 57 69 19
93 29 7 64 75 57 31 9 39 15 48 13 35 34 12 40 90 61 30 50 60 5 61 92 9 22 95 59 32 44 24 47 34 49 82 89 44 22 88 22 14 96 95 11 31 2 94 97 33 68 100 76 38 9 28 13 34 46 77 76 90 2 19 54
47 83 59 24 80 45 41 32 42 60 12 72 11 2 18 40 6 78 62 9 2 51 46 84 83 43 66 25 13 31 5 66 32 39 51 26 17 28 1 19 54 68 68 22 47 25 6 23 23 64 67 70 7 57 65 20 99 3 93 47 68 29 84 99
75 15 41 80 81 18 63 69 58 63 12 80 10 51 48 24 40 27 27 7 31 85 36 92 24 69 78 11 93 72 87 36 64 16 8 21 58 28 83 83 93 56 74 17 40 42 76 37 63 89 92 64 29 59 83 93 58 45 25 19 57 37 38 21
50 10 23 50 45 52 1 76 37 5 89 44 13 55 16 7 46 96 22 99 7 67 47 86 2 87 67 60 58 94 90 7 95 24 79 38 100 48 70 64 51 55 22 22 26 55 48 18 60 71 54 28 40 30 46 45 77 7 27 87 52 16 67 85
39 11 59 75 56 32 61 29 46 6 56 50 16 80 73 52 89 60 29 90 34 71 60 12 96 84 99 25 57 61 55 32 18 48 43 10 65 33 88 38 27 87 88 31 60 25 59 76 24 55 43 57 15 87 46 59 73 65 22 16 95 100 29 37
90 66 55 40 44 21 3 50 11 28 46 18 85 27 46 32 29 22 81 66 96 3 50 87 80 74 5 84 75 16 93 79 8 87 83 89 84 83 90 34 66 35 84 22 86 52 61 84 61 75 78 1 90 37 5 16 41 97 6 67 72 73 66 11
74 87 74 85 14 45 56 88 43 32 7 76 37 96 93 34 51 80 5 32 12 65 8 70 24 36 23 97 17 1 5 88 69 58 23 37 58 33 92 41 47 45 36 44 78 57 20 39 98 59 85 33 28 91 75 23 65 3 18 64 45 79 76 42
29 54 48 5 99 97 19 69 58 1 89 68 67 83 20 78 33 39 24 63 51 61 65 81 68 6 49 81 90 93 69 100 95 38 92 32 22 27 27 90 90 82 90 15 39 45 75 70 51 3 41 65 85 45 19 52 42 85 33 62 5 48 75 60
22 76 100 97 75 7 43 8 6 58 69 25 19 72 13 35 88 43 43 78 69 35 1 16 41 76 76 61 49 35 28 75 76 27 95 13 31 47 8 65 60 52 92 86 20 65 56 40 18 48 8 24 20 92 70 59 83 50 100 84 17 25 53 70
89 59 51 61 100 62 29 42 18 5 9 86 51 42 50 43 80 51 33 44 67 46 21 60 93 30 30 87 27 23 72 35 26 18 69 82 55 43 81 10 30 6 85 38 13 59 36 27 14 67 43 89 83 37 33 19 95 76 93 13 25 2 51 83
7 90 88 70 1 51 56 99 99 38 63 71 48 35 59 38 70 70 32 42 62 8 29 67 39 38 79 70 35 49 63 1 73 80 53 89 60 45 35 23 45 19 38 54 4 14 50 59 36 3 93 18 99 9 16 46 92 51 3 26 97 17 34 44
36 33 79 9 55 28 36 95 29 85 80 22 5 38 45 23 56 26 21 87 10 66 34 75 65 52 43 32 86 39 29 11 5 21 18 12 19 72 88 77 44 90 55 54 74 25 58 57 35 54 82 71 64 46 9 21 63 82 86 88 19 37 39 79
95 42 12 84 68 64 77 99 86 51 59 90 76 29 75 33 10 11 53 74 34 32 21 85 2 14 63 48 68 50 81 97 94 71 41 89 37 97 73 18 47 86 76 55 24 44 79 2 32 96 7 88 44 89 49 10 6 3 28 69 36 90 34 66
96 28 48 3 59 82 33 63 1 53 16 36 80 10 93 59 32 13 25 22 80 19 65 15 67 41 46 27 25 62 69 78 84 81 51 9 21 73 15 36 49 5 67 70 57 86 44 8 4 81 92 80 35 70 64 61 24 83 83 32 79 90 87 15
94 2 96 32 99 35 24 54 82 78 78 56 74 56 48 19 69 74 38 67 49 51 20 46 24 80 43 73 23 34 74 71 18 35 34 69 76 64 8 73 39 1 89 77 86 73 48 40 64 49 56 40 11 84 31 88 61 18 17 16 97 63 39 26
69 36 20 90 60 86 21 4 1 11 96 84 2 78 83 68 57 23 12 67 10 27 88 42 43 28 41 84 49 73 8 51 90 55 64 26 93 44 29 64 79 80 87 28 18 74 61 100 52 25 78 24 95 67 69 89 53 80 64 59 7 98 81 30
14 78 67 36 61 68 67 47 71 97 9 88 60 14 90 80 38 46 18 58 49 6 72 51 61 54 98 30 43 58 41 61 75 49 77 79 13 46 73 21 90 56 96 27 43 55 5 80 39 14 48 27 23 23 65 39 59 95 65 41 51 85 64 20
96 42 23 45 96 34 36 30 42 38 42 11 84 9 76 45 57 35 30 43 42 2 18 84 96 40 73 48 28 22 4 52 95 90 15 54 54 32 67 17 23 33 29 96 100 10 78 9 1 41 31 99 1 49 72 81 4 45 43 8 22 49 36 37
25 46 25 4 50 12 51 48 55 39 79 35 25 50 34 88 84 78 76 99 87 55 25 50 9 56 89 94 39 98 52 20 2 19 50 55 85 74 73 69 30 40 38 58 14 27 93 88 73 32 35 30 42 75 61 35 95 83 55 17 24 27 86 97
76 87 82 90 73 38 26 56 56 49 52 70 24 97 34 32 74 12 60 34 58 10 14 84 78 24 46 43 36 16 17 62 48 74 41 62 29 49 17 92 90 65 16 71 73 5 10 50 45 12 79 77 97 44 63 90 71 52 73 2 18 57 72 25
8 68 74 99 77 47 68 8 4 36 91 24 78 96 54 11 75 55 79 60 31 48 54 62 100 75 94 9 28 27 83 4 64 34 41 82 74 48 34 99 29 87 68 14 34 49 59 50 66 77 15 64 26 15 63 64 43 71 99 2 71 15 57 92
75 7 6 66 47 17 23 54 28 17 29 69 57 69 72 41 63 28 70 36 24 40 49 7 38 71 41 18 17 35 58 82 86 86 100 17 66 49 31 38 21 52 13 29 46 90 28 45 81 64 49 48 37 22 39 85 21 31 19 62 61 74 55 8
89 87 9 19 13 29 78 1 46 25 90 46 13 67 84 19 44 83 29 75 55 18 41 18 52 70 25 36 82 27 83 82 71 54 30 27 2 18 70 82 34 18 37 33 27 86 83 20 3 4 45 32 45 82 98 30 91 57 40 95 17 50 67 23
60 6 62 92 81 1 27 42 51 28 10 19 55 98 6 88 91 42 30 59 74 27 96 17 27 7 25 57 60 78 57 32 60 15 47 59 44 11 52 74 74 50 10 20 98 36 46 15 97 88 100 19 79 97 30 53 29 14 78 23 19 37 25 63
9 18 70 73 96 15 52 47 29 32 55 1 63 6 14 32 72 70 25 16 42 42 63 23 82 62 62 69 45 54 91 72 91 97 63 5 49 76 35 11 100 57 7 47 37 40 52 86 9 8 16 27 5 15 26 4 83 100 50 19 87 93 65 30
15 50 51 70 34 81 13 24 14 82 40 7 39 58 41 39 70 7 1 39 87 59 23 93 33 26 33 19 27 8 26 47 88 94 48 45 30 6 27 96 75 22 52 11 21 24 29 46 55 90 45 23 9 68 76 48 37 12 46 63 17 35 7 7
8 33 73 34 64 18 47 87 11 86 47 41 97 1 50 4 54 21 2 9 6 34 94 79 46 5 5 35 35 97 73 30 94 79 15 93 30 24 13 62 28 100 92 100 34 80 50 12 69 32 48 94 64 56 28 57 67 81 36 58 32 74 81 87
81 99 54 97 46 39 66 50 3 89 53 33 29 91 61 14 44 65 36 7 88 48 38 85 55 97 85 39 74 76 7 86 100 31 89 88 17 59 85 50 26 97 97 49 94 75 49 72 9 38 49 83 28 94 21 31 57 84 85 57 71 99 26 80
3 29 6 60 79 78 68 43 61 36 85 17 43 71 48 35 90 97 78 50 72 23 88 42 80 65 80 2 19 19 58 52 100 93 40 90 77 19 56 44 90 78 41 87 74 8 9 70 41 7 100 76 26 49 64 91 54 92 2 21 54 62 3 54
89 31 51 69 19 2 21 81 36 52 85 10 97 52 83 6 36 83 1 43 94 92 47 88 97 44 13 70 71 29 37 87 75 20 2 7 29 27 82 69 57 71 62 3 94 53 21 22 74 91 14 67 93 74 25 80 16 30 41 86 69 34 99 32
64 94 97 87 12 14 54 45 1 78 36 73 61 17 44 26 35 3 75 2 52 65 39 62 36 61 78 65 43 73 2 57 30 18 15 50 94 68 21 46 46 41 57 20 22 52 29 86 8 46 88 16 7 22 32 82 16 22 45 58 52 51 48 49
35 68 67 90 30 10 34 9 30 74 73 47 50 19 50 29 26 49 27 64 50 1 3 3 68 25 65 53 20 100 33 65 23 19 97 16 62 6 80 54 71 33 97 31 53 54 78 30 23 20 40 61 45 12 39 85 48 92 19 26 30 34 64 12
5 82 53 76 49 36 59 83 39 59 5 38 75 46 47 59 16 1 58 57 57 80 20 75 37 82 98 26 18 42 66 93 96 50 73 50 90 70 62 85 93 69 24 9 64 40 82 26 59 99 45 77 64 58 97 51 99 19 74 43 10 71 20 27
43 64 52 19 17 10 96 68 5 34 13 56 89 52 72 93 79 67 54 78 48 91 84 30 45 24 63 42 2 34 72 3 33 45 91 90 28 99 35 44 84 3 39 56 20 14 45 63 96 49 5 85 40 88 53 10 67 85 41 53 66 50 30 20
16 69 91 71 95 41 44 39 65 100 27 35 5 19 45 100 97 90 60 95 70 40 42 39 82 16 40 98 30 23 85 48 73 89 60 87 64 60 68 54 27 91 31 10 73 9 14 99 37 70 77 48 76 44 98 13 21 80 55 79 67 12 81 1
5 85 46 32 18 59 23 36 97 93 35 65 100 16 13 49 29 34 67 27 11 11 43 41 4 14 3 5 51 51 11 89 7 65 1 99 43 10 55 31 36 28 87 49 52 97 1 73 88 55 74 31 92 58 64 28 55 87 3 6 34 30 34 91
16 93 59 68 19 80 34 80 66 54 39 77 74 27 5 23 26 6 11 15 91 2 48 14 57 1 87 20 32 25 45 57 41 65 51 15 66 79 47 5 68 86 91 3 51 11 16 96 91 91 28 35 73 96 11 14 71 16 64 17 57 96 30 68
59 73 84 64 77 71 55 24 58 3 29 42 31 83 97 98 30 31 42 34 72 18 13 45 90 36 25 5 23 43 16 14 55 61 68 53 69 79 6 36 25 28 100 6 64 52 4 39 85 28 56 53 11 13 100 23 49 86 21 80 68 36 13 43
98 50 27 25 47 34 88 24 27 30 7 3 92 87 38 39 66 4 53 12 34 15 84 19 83 83 97 50 18 53 3 85 1 72 10 9 56 24 35 95 21 1 60 7 34 8 23 55 12 63 78 84 57 90 94 58 33 37 57 86 89 2 95 22
22 11 16 79 10 13 37 83 12 15 37 65 73 90 63 63 8 31 16 91 23 79 100 21 46 53 61 80 76 12 36 56 61 75 100 92 17 94 5 87 32 90 88 69 57 12 58 6 38 71 76 80 39 14 79 39 71 93 65 92 2 1 13 47
91 81 62 98 31 4 50 13 47 16 15 26 96 71 98 96 85 25 55 84 53 32 8 68 55 38 16 41 54 12 88 67 38 18 98 2 72 59 3 47 4 62 50 9 97 41 58 83 75 93 86 87 98 30 59 67 83 32 61 60 60 33 28 14
56 43 81 34 54 44 85 96 80 46 45 53 97 55 39 88 33 79 92 95 89 33 84 13 1 25 69 67 70 97 73 40 80 50 60 86 36 87 19 46 29 100 95 90 56 21 37 39 23 25 56 47 16 77 20 61 51 62 91 20 18 75 6 20
69 70 99 97 55 61 9 55 88 90 97 43 63 73 47 37 26 87 29 52 45 56 34 71 9 52 62 34 25 28 7 69 5 25 9 30 38 68 65 84 98 8 92 68 61 9 38 39 14 13 58 77 15 69 56 86 52 58 57 90 69 25 93 17
88 75 88 89 30 60 18 78 67 87 78 40 30 25 31 43 13 22 78 83 90 51 100 1 32 6 53 97 20 83 89 9 100 52 66 55 32 79 13 37 89 94 67 11 2 14 40 68 7 53 59 9 25 21 49 87 87 96 2 45 23 56 26 34
15 13 36 54 89 55 64 73 35 79 87 6 45 79 100 38 5 37 32 18 50 18 14 97 50 87 75 26 35 95 66 50 45 94 21 77 61 27 23 55 16 57 92 28 42 81 17 60 31 69 15 68 24 51 42 69 82 4 85 12 58 2 90 75
33 6 20 74 17 63 41 77 3 52 67 9 43 31 47 1 19 69 66 49 51 2 55 15 88 93 61 26 61 18 41 42 2 73 61 89 12 69 28 55 64 31 54 13 68 52 24 88 70 90 3 79 4 24 37 54 13 57 6 34 32 96 70 61
33 78 35 91 52 54 16 81 59 59 21 100 1 48 89 68 3 9 78 31 64 64 77 84 39 83 53 16 71 9 25 84 1 75 51 57 36 31 14 28 11 48 35 5 11 56 90 14 69 80 63 19 67 28 11 44 96 45 93 20 72 73 38 30
17 31 44 60 48 99 96 97 48 65 67 53 49 30 39 47 76 49 95 38 31 20 88 88 22 7 44 78 65 42 33 100 35 27 24 14 33 28 31 55 92 35 34 98 86 78 53 70 30 18 67 83 53 34 62 88 77 53 13 70 29 69 100 36
71 27 95 20 20 80 39 14 11 50 49 8 92 52 4 85 92 70 42 25 27 29 35 69 73 23 77 94 77 77 33 99 29 48 5 56 97 9 19 45 22 14 59 28 77 77 96 26 64 68 64 46 43 26 40 59 39 77 88 61 24 5 10 45
86 28 86 34 69 6 39 43 11 10 65 24 67 92 60 54 1 40 19 19 22 5 90 98 3 51 39 3 14 22 77 82 15 41 44 35 44 6 53 50 93 63 11 45 79 50 51 99 9 38 65 91 76 2 2 51 40 41 8 18 52 97 92 57
95 56 55 84 50 54 98 53 14 85 27 28 19 97 90 15 15 74 64 90 82 1 5 42 40 34 28 27 62 2 80 40 68 30 14 23 39 19 81 96 83 40 53 25 81 61 53 70 43 37 4 81 62 33 80 88 8 26 28 27 71 100 51 40
73 85 70 26 90 26 31 13 14 41 55 30 20 83 82 94 53 56 81 75 97 95 53 98 38 100 28 31 41 86 27 64 1 5 16 30 93 48 24 55 89 80 35 1 62 66 96 81 68 46 83 88 33 95 43 45 73 11 5 19 86 69 49 80
100 14 73 82 10 40 63 73 24 78 74 64 24 18 95 95 76 92 40 49 96 20 49 35 28 79 16 96 99 33 23 18 85 14 41 21 98 25 53 96 12 5 60 71 94 75 14 10 67 9 12 88 71 6 12 89 43 52 74 99 3 87 82 28
29 33 75 48 21 14 7 48 95 60 68 13 13 21 8 56 41 44 25 5 93 28 98 60 67 91 39 67 28 32 62 78 23 49 62 74 31 86 22 69 31 2 2 20 47 81 8 1 22 38 17 68 1 41 62 36 90 44 49 92 24 47 91 92
80 33 81 30 99 2 28 41 93 61 29 85 26 89 6 58 8 27 52 91 29 61 7 65 25 55 67 53 9 53 32 46 39 12 93 66 7 58 69 3 40 81 13 16 25 50 55 73 76 16 25 10 29 47 7 74 46 92 64 69 51 93 46 2
86 89 32 3 10 87 88 13 2 16 100 81 57 66 88 71 34 78 6 84 12 98 38 57 31 42 10 87 1 33 100 98 28 85 18 3 94 74 63 81 7 18 48 21 8 67 29 70 8 59 49 55 26 50 64 2 54 14 77 87 38 52 63 97

64 64
76 10 36 7 2 47 59 28 33 52 82 23 94 79 28 94 15 66 8 76 50 11 30 70 10 70 64 87 83 42 78 86 6 74 68 41 41 69 65 54 79 36 5 17 50 59 66 21 74 13 8 53 82 17 44 63 91 10 48 6 19 54 56 2
13 82 2 36 19 20 75 25 46 8 21 12 8 57 68 48 80 14 55 11 40 24 57 93 95 93 64 94 6 62 41 7 84 3 95 22 65 48 83 27 94 24 6 18 86 6 81 16 38 69 29 67 42 93 93 69 2 89 33 45 46 78 41 61
98 47 1 31 17 33 46 30 51 83 44 94 18 67 62 79 12 34 98 62 16 16 13 48 87 52 73 55 80 32 76 12 14 11 97 11 36 72 37 13 10 19 79 43 72 11 58 34 28 67 14 33 67 89 3 52 57 11 46 84 12 3 74 38
9 42 79 98 9 51 8 22 9 52 80 46 85 14 52 65 78 23 85 72 71 29 91 29 1 72 49 13 78 29 35 22 51 21 19 60 87 18 95 53 72 20 94 69 81 32 2 68 10 46 73 64 16 82 52 23 4 26 48 2 34 33 34 9
78 39 72 83 71 37 75 53 86 62 23 44 41 14 71 8 80 66 52 15 100 44 90 96 80 48 2 82 50 80 63 62 50 22 17 81 98 10 81 61 13 65 14 79 94 11 54 78 95 51 41 52 49 93 43 15 65 55 99 11 87 84 75 62
11 33 4 43 100 89 92 2 36 67 57 5 95 58 63 24 44 88 68 8 8 96 15 73 83 68 31 66 79 81 13 25 58 40 5 13 91 67 94 71 30 2 56 19 13 58 59 14 27 57 16 82 41 77 16 65 9 66 53 84 3 94 92 92
84 6 11 16 1 47 51 21 46 64 41 57 32 75 83 51 63 99 38 25 58 46 23 23 13 48 48 18 40 60 78 86 73 5 70 48 44 67 75 21 48 18 62 42 22 38 94 94 29 30 17 2 51 58 42 8 100 26 65 45 93 88 50 94
83 50 71 97 4 11 66 90 17 92 59 98 81 51 32 35 22 5 74 35 41 95 86 12 70 4 76 89 43 8 6 67 38 94 60 99 25 13 35 78 27 5 52 97 17 50 67 40 40 64 65 76 13 98 61 40 6 50 80 73 61 44 23 21
31 42 94 64 93 88 49 24 79 20 44 42 23 30 57 58 84 24 21 27 98 4 12 94 81 39 77 41 56 67 45 92 69 32 1 84 44 89 91 89 53 19 38 95 60 89 13 66 47 3 15 5 22 85 26 23 37 21 54 6 88 59 12 22
42 19 98 41 86 33 36 93 36 43 4 12 96 53 21 61 89 28 22 87 20 87 31 95 47 73 35 36 27 54 1 79 69 66 24 81 81 26 38 87 86 67 89 94 29 41 69 42 69 9 31 68 8 45 44 52 58 82 98 7 51 27 84 4
67 76 67 37 59 36 30 80 97 49 37 51 49 20 10 7 94 51 42 86 14 93 81 81 61 3 14 44 92 4 18 82 89 93 41 86 94 2 37 55 23 59 50 61 3 20 90 37 21 55 74 62 60 84 47 27 10 80 30 33 14 76 52 79
25 1 34 5 48 66 83 46 9 16 4 16 4 36 57 52 97 95 30 2 48 26 55 11 65 16 29 50 37 55 93 38 41 15 82 92 78 57 91 40 59 14 26 4 64 63 37 20 96 30 97 91 14 37 6 33 31 24 5 93 2 55 65 77
28 80 65 11 54 2 68 37 44 99 63 17 27 40 88 20 81 54 68 18 24 83 77 73 22 18 49 50 58 71 31 90 1 60 49 30 15 70 6 77 73 7 79 29 63 68 3 46 58 55 38 69 45 28 89 74 40 27 80 84 79 100 73 36
29 76 24 45 41 62 74 46 24 70 60 85 14 80 52 76 54 83 72 61 41 93 58 21 69 10 32 85 20 97 48 91 85 14 7 36 12 20 46 9 24 49 96 55 60 90 97 51 10 72 69 55 95 24 24 72 87 96 37 65 40 59 96 74
69 74 47 22 66 86 49 25 77 28 70 66 73 87 90 33 45 19 12 52 40 4 64 16 12 35 15 49 76 54 12 49 72 46 42 86 48 86 31 93 12 96 54 41 15 83 76 71 28 54 44 100 57 56 89 3 38 24 75 27 7 66 32 100
87 80 8 42 33 51 1 23 4 96 11 64 3 53 55 97 80 51 99 44 10 91 68 34 32 22 93 77 16 62 74 30 90 22 10 5 39 95 41 45 89 16 22 3 60 69 52 30 32 23 9 90 79 85 90 5 3 71 5 36 63 97 90 8
92 9 26 47 80 2 7 81 4 46 33 36 43 97 32 61 90 4 17 8 76 90 82 74 12 65 80 21 90 48 28 23 17 58 28 82 18 50 36 30 2 63 51 97 93 30 38 29 74 44 37 5 59 82 36 90 38 64 4 7 13 77 82 64
85 40 36 72 64 30 57 18 36 83 62 86 21 57 63 62 78 81 29 11 9 10 58 93 46 76 43 58 25 15 50 84 72 34 38 44 60 84 27 36 82 3 50 3 16 3 95 66 38 11 3 27 10 87 10 79 57 22 18 55 26 15 43 54
94 23 10 27 3 64 11 48 95 29 89 17 16 75 62 18 29 65 79 66 77 38 88 7 2 36 21 49 9 52 23 9 80 72 8 48 16 54 58 67 79 47 88 73 40 99 73 73 53 54 67 100 97 43 55 48 87 6 23 65 37 56 90 75
51 5 15 42 92 76 88 93 87 96 78 95 76 2 90 77 28 21 96 22 59 92 88 19 51 62 47 87 53 35 96 91 17 42 69 10 28 27 12 19 83 48 89 28 72 12 78 6 11 12 77 96 71 58 96 37 13 17 16 64 86 29 36 51
17 7 42 10 63 80 85 92 46 46 81 100 97 46 32 99 94 1 76 97 88 95 21 52 13 94 4 4 46 62 65 34 66 83 35 33 25 25 63 57 23 37 97 23 77 89 40 36 82 69 83 11 2 63 72 21 96 29 78 27 2 66 88 49
48 23 1 17 44 70 78 59 16 95 66 68 12 72 77 25 69 56 87 7 64 46 17 19 55 46 23 9 25 94 83 67 25 23 23 78 43 70 42 27 49 97 96 22 56 95 54 92 7 82 26 36 84 55 10 17 92 16 12 41 22 20 60 90
17 75 42 25 72 25 60 71 6 61 47 92 99 37 77 72 50 25 41 60 89 23 78 99 30 73 70 85 25 37 87 27 24 10 73 63 55 74 61 20 6 70 30 50 26 50 53 99 22 25 2 12 94 63 72 24 55 14 1 52 29 81 66 13
78 20 52 80 3 83 86 33 68 40 44 64 18 43 83 86 5 17 80 11 81 8 16 47 5 53 21 15 45 57 41 31 85 7 72 29 42 24 1 72 5 18 41 40 43 63 8 59 13 63 1 17 16 83 93 80 75 100 73 44 55 42 82 9
37 78 47 68 98 38 98 2 42 9 3 59 84 84 60 42 28 7 46 80 16 35 73 11 65 33 42 42 94 44 73 38 51 92 66 55 11 1 76 30 38 75 71 10 32 25 79 55 61 79 45 5 94 10 51 97 22 45 15 44 36 39 71 2
35 81 73 27 44 45 19 14 55 80 69 62 77 51 13 41 100 65 97 28 3 53 63 21 58 62 84 9 76 84 87 14 70 6 95 45 73 87 45 3 95 27 8 82 6 12 98 6 44 4 86 69 75 94 20 52 58 12 1 9 19 4 40 18
26 15 74 56 81 40 45 67 95 65 12 1 82 95 47 92 26 65 6 60 76 43 72 68 16 27 31 51 52 40 31 35 39 90 60 72 49 48 33 37 83 64 70 16 73 51 66 44 23 51 92 25 84 75 64 13 96 27 80 48 68 62 36 48
95 42 90 51 52 81 60 75 92 22 90 97 57 33 24 29 60 83 81 54 36 94 54 69 97 18 82 6 87 7 26 70 87 79 5 6 92 45 19 35 42 52 3 90 43 84 64 9 31 4 23 86 95 67 94 66 52 62 52 86 14 42 18 5
13 73 79 45 71 62 19 74 84 98 49 71 71 5 77 66 75 30 47 44 9 25 74 68 68 40 67 4 56 33 72 3 16 18 75 15 16 73 17 46 95 32 96 99 90 64 33 25 93 18 47 74 52 83 1 82 4 56 69 44 51 52 78 35
50 40 77 77 57 1 98 53 20 19 13 77 76 13 38 90 92 70 47 16 35 8 35 84 46 33 14 88 83 59 3 57 52 53 26 2 57 2 60 27 47 43 9 21 40 61 54 47 74 80 87 91 66 62 41 90 98 1 61 47 21 64 69 81
76 55 69 99 51 72 61 36 93 25 5 17 8 39 87 43 2 55 9 99 79 40 17 79 95 20 8 53 68 37 82 85 56 80 82 48 51 3 34 64 8 11 20 18 18 22 30 47 66 38 97 95 75 69 91 12 91 37 78 26 68 56 80 89
79 35 27 91 45 57 4 53 74 75 15 45 23 12 76 70 59 27 94 4 60 75 21 58 6 3 71 19 31 3 54 14 12 73 49 91 86 18 79 53 76 38 22 75 11 50 7 19 19 2 61 60 14 18 66 28 66 26 97 10 30 37 48 5
16 41 2 94 2 67 20 72 48 38 90 43 15 34 96 81 87 44 69 30 61 83 29 40 60 33 22 93 99 88 87 38 48 69 44 94 57 99 40 98 52 9 21 80 54 19 2 32 59 29 3 20 99 16 11 87 91 34 96 43 72 95 46 87
5 9 70 82 80 10 7 72 24 15 62 72 25 52 84 88 53 44 77 84 19 46 19 6 20 76 39 92 19 82 46 68 98 81 86 57 70 50 40 95 82 79 51 50 85 88 38 27 13 63 39 13 63 60 91 72 62 77 11 86 9 13 55 20
17 33 79 77 40 95 65 10 90 17 100 13 15 85 33 81 24 19 28 4 73 60 1 47 33 32 22 6 60 43 19 85 32 72 59 71 28 68 72 65 24 10 57 3 66 67 9 16 57 62 56 98 15 32 33 59 62 46 24 71 22 21 51 31
24 6 61 75 82 8 100 76 21 32 12 90 29 64 99 98 85 22 15 71 9 35 26 90 86 26 39 83 50 60 51 72 52 34 1 31 88 23 62 58 55 30 61 34 9 20 95 15 18 82 66 57 43 29 25 56 90 92 60 37 78 55 60 18
21 85 95 32 28 84 95 95 94 54 71 4 53 82 99 14 88 73 78 65 83 21 18 77 41 59 59 19 69 59 78 59 62 16 19 54 69 60 52 59 20 79 90 92 81 69 49 35 31 87 89 37 5 31 5 75 74 12 32 86 63 53 60 90
99 100 44 29 97 94 61 76 40 39 87 64 85 29 51 1 43 71 56 2 40 41 70 48 71 89 77 63 55 3 76 5 66 56 73 64 24 83 80 7 69 83 21 6 99 3 33 92 54 59 39 74 88 11 71 34 84 73 69 57 41 35 90 8
75 50 80 9 18 14 45 34 11 75 73 53 69 20 64 58 41 12 9 36 99 12 63 26 9 80 50 2 36 47 96 8 56 51 95 13 25 44 1 5 80 37 47 45 23 43 64 75 3 57 75 76 75 86 90 25 46 62 56 21 83 31 72 38
35 84 56 24 49 42 55 78 52 21 93 67 75 84 21 6 14 17 98 13 23 30 19 55 36 69 62 88 84 39 3 67 7 13 83 23 54 70 65 78 48 4 22 89 91 19 100 32 20 37 65 97 29 37 4 3 85 33 95 28 54 22 28 85
86 84 7 1 64 43 63 51 28 57 14 51 57 28 63 33 71 77 67 28 87 24 12 42 64 72 64 76 100 95 90 15 75 30 11 17 18 99 36 76 71 6 74 41 53 39 23 4 93 26 5 16 2 88 20 95 80 47 12 58 38 6 76 33
35 9 70 41 89 69 23 42 96 27 45 89 89 81 62 49 60 46 79 48 9 57 91 19 4 15 47 52 42 43 66 76 70 15 37 84 49 32 46 4 21 30 54 91 61 70 70 97 4 88 69 98 59 46 54 26 65 59 61 1 91 2 75 69
19 99 9 55 37 86 34 32 84 33 75 42 10 74 23 94 59 66 59 5 34 57 72 91 47 91 73 70 28 12 39 95 93 21 28 10 76 43 17 45 89 8 44 4 48 48 72 12 75 29 42 43 55 42 70 71 11 60 85 58 93 38 92 69
55 7 82 58 70 65 89 80 80 67 51 63 92 67 22 73 99 56 96 98 85 77 15 100 48 39 31 80 34 66 60 46 77 78 34 99 79 97 22 26 93 90 4 26 87 10 51 14 29 22 74 17 2 74 69 4 71 68 75 97 60 42 19 9
71 37 48 5 27 56 93 67 34 56 88 88 64 3 43 6 56 87 13 41 63 73 47 33 8 82 27 57 72 17 85 38 1 10 86 54 49 60 84 41 62 97 10 31 62 67 89 82 88 87 40 73 94 48 48 82 51 18 21 46 92 82 99 93
91 72 52 82 29 83 80 83 89 70 71 16 5 81 13 50 80 51 15 48 10 92 24 64 90 17 43 69 92 84 62 86 25 7 35 52 32 39 49 94 78 26 61 66 23 17 26 65 42 48 24 10 85 67 8 47 95 17 35 64 1 26 96 69
26 87 32 30 18 77 30 83 37 100 60 83 32 28 27 15 10 63 45 12 26 42 7 75 60 74 3 9 97 82 25 18 88 46 56 55 66 87 87 7 20 6 72 14 89 92 39 85 77 58 66 33 54 87 5 37 46 30 100 19 15 31 27 52
87 1 100 100 70 38 46 34 35 29 40 58 64 7 89 88 49 43 50 78 61 7 56 100 77 2 69 24 50 19 62 96 89 86 65 78 18 37 98 94 66 58 71 67 93 88 64 26 51 72 85 53 60 43 64 46 89 49 98 5 41 8 32 6
62 26 6 51 93 88 91 48 88 65 70 64 75 50 3 97 73 86 96 81 5 43 7 11 48 32 73 78 43 24 97 90 87 63 28 31 91 17 86 27 90 41 1 22 75 32 94 40 37 42 39 49 4 95 56 72 16 75 17 50 27 94 60 24
66 74 6 42 93 74 72 10 36 78 9 51 14 36 71 65 23 77 63 32 95 79 25 15 4 55 20 90 60 54 67 46 94 79 5 99 81 7 16 15 60 92 22 59 85 23 64 96 10 88 6 56 73 10 86 43 69 35 81 52 58 63 79 17
60 76 63 17 10 13 86 93 96 49 85 94 24 58 81 56 89 80 17 1 10 68 86 25 43 30 89 47 96 65 68 71 17 45 83 2 1 97 35 46 61 41 10 31 39 63 42 65 94 4 89 61 80 9 51 65 5 12 63 76 17 69 26 76
83 32 60 34 74 80 26 84 33 82 8 86 48 21 4 78 74 39 78 59 9 59 57 9 82 12 86 23 84 74 14 8 96 95 86 52 19 60 92 90 53 48 76 13 65 62 75 17 40 90 100 28 7 20 72 29 9 60 64 47 30 42 96 89
63 7 95 7 64 19 23 97 34 84 2 31 3 77 9 25 50 36 78 38 32 46 8 60 64 22 85 32 7 60 83 53 6 36 87 30 95 27 15 7 8 31 85 3 74 57 59 16 92 39 67 16 88 79 80 86 94 41 99 74 23 71 2 48
35 93 96 82 96 60 27 35 99 62 51 40 47 99 19 48 23 11 96 65 86 97 64 57 58 93 28 74 45 21 53 60 76 60 29 81 50 40 95 69 21 51 31 62 82 82 27 68 25 72 94 98 18 15 35 60 65 82 88 61 17 40 84 4
35 16 100 65 93 47 87 39 36 81 52 61 33 75 34 22 41 32 50 8 26 11 61 73 70 62 67 96 17 100 12 98 77 4 42 25 37 24 64 77 35 84 94 27 41 58 76 38 20 17 60 78 88 81 80 68 12 57 42 14 40 78 36 70
38 58 87 19 38 8 6 68 57 48 75 70 59 23 32 17 37 28 40 12 33 53 48 37 56 35 39 69 36 85 27 27 45 2 43 72 32 64 48 80 67 28 28 92 19 17 98 85 30 57 35 46 66 57 50 97 54 11 2 31 46 87 35 54
25 80 96 65 90 98 39 91 34 93 37 93 79 51 80 1 51 50 68 4 90 9 39 56 87 64 65 32 49 47 30 27 9 37 40 40 43 52 77 73 99 91 49 25 51 73 20 28 62 54 75 15 73 84 77 36 40 80 88 92 92 100 1 2
75 53 16 52 37 9 31 90 66 34 28 12 50 84 72 10 4 46 55 83 56 33 100 64 34 66 63 100 58 26 13 2 8 95 87 62 80 10 77 77 2 38 20 7 74 42 30 37 14 5 16 86 29 100 92 55 42 93 53 27 40 38 17 50
80 14 64 41 18 13 69 37 94 95 73 46 39 94 37 54 46 94 36 98 74 33 95 49 60 7 90 64 9 16 40 5 99 64 6 33 54 31 38 53 27 9 100 59 41 50 36 41 81 35 85 91 60 51 3 50 26 21 10 18 100 16 73 71
86 37 35 33 41 61 96 22 20 39 48 7 55 52 4 29 81 36 77 76 9 92 2 58 39 56 88 52 99 1 49 85 10 14 59 81 32 72 83 5 6 11 93 76 96 15 89 76 91 77 14 53 88 49 64 41 53 19 61 82 59 89 20 14
4 61 68 76 14 37 37 2 67 67 81 10 45 79 17 91 37 7 84 78 33 44 18 33 64 90 17 69 87 77 84 44 98 80 34 63 45 18 42 48 15 4 32 86 42 53 15 75 82 84 42 83 20 8 37 77 90 61 58 78 1 49 51 67
21 75 27 21 39 50 8 89 19 2 47 1 11 6 20 38 69 19 47 48 50 17 88 69 28 16 82 70 10 93 89 69 97 4 35 38 35 48 17 15 61 2 70 78 67 52 48 79 13 33 47 47 97 44 36 15 64 68 38 85 86 86 73 21
2 74 32 85 16 7 62 8 94 27 43 68 53 46 82 30 8 64 78 85 75 97 34 66 17 93 38 95 24 35 79 26 29 93 92 79 95 22 52 69 24 43 14 41 62 29 68 42 90 34 62 81 52 32 41 98 31 65 10 53 33 10 38 99
29 29 56 81 67 62 45 76 35 1 96 26 18 74 4 94 4 61 91 53 22 93 5 45 61 69 58 99 24 40 28 21 29 51 67 13 100 4 83 55 24 6 44 70 43 81 35 80 72 59 79 75 12 67 13 20 74 66 95 71 77 61 42 43

64 64
153509 148893 151897 148368 159667 157957 170332 156753 154320 161891 148796 167590 143579 156493 162561 160618 171645 151626 174976 132865 153374 158369 135758 161931 143530 148087 150307 163507 179741 158791 157420 141194 158851 136513 148300 160522 158896 155844 161109 147867 141658 122740 151927 144975 172217 147420 162559 147162 145612 147904 152102 162554 168392 175308 145057 156175 171565 132715 156968 147134 136150 159886 174885 149715
171853 166197 170935 163900 177460 171849 188061 179396 183203 181695 172307 183770 157707 171480 175120 177561 187945 159816 195887 144507 158327 177088 156588 175329 167480 172955 164059 182392 188132 173131 181010 166505 186946 163366 178266 163486 184126 161416 181981 169778 171662 125128 166929 143315 185262 169265 189102 152706 165795 165868 181028 202529 173591 202271 177307 177903 179225 159235 175272 170286 140480 170155 195804 171239
181200 151452 173752 159494 172138 161108 198419 186341 182135 191086 172945 183119 166081 189189 163076 185207 181969 168385 191313 163227 165798 171473 152567 188708 160107 171706 168902 193126 192604 174587 183895 166819 175048 163280 181710 164926 183985 158056 183728 155713 158751 129150 172120 146664 190931 154658 196378 160812 168709 155197 182580 181020 180746 208780 163630 170022 194958 157011 179432 161204 148709 179466 187122 166949
154466 156249 156027 139336 148631 156360 162918 174278 163763 164555 176305 170075 146788 157509 166650 157006 176368 151569 178388 134355 151246 153063 153635 177801 149890 159121 155386 169355 173672 163438 161100 155962 169355 132100 150444 147622 155791 164006 166798 164161 162538 117795 165286 149472 180344 160559 167621 148716 148201 146278 150687 167417 170879 183763 147212 162312 170635 144173 163612 146202 143676 165896 181236 151841
163446 132374 168922 137789 160287 158831 186575 163137 172871 167366 165914 159599 153285 168190 145462 159040 170654 157649 183061 144028 142081 160696 139180 158083 152751 143544 153730 166427 167095 154053 163292 165723 174237 151633 151915 158031 162407 146116 166185 144290 151954 119380 159435 144137 166896 158862 181866 148486 149747 148178 169311 185974 154048 174280 149453 161404 166692 135043 153992 152886 140152 154688 168509 152092
162636 136525 177893 159223 163212 154341 168527 170003 176003 164522 163709 164473 148999 166050 146212 171822 191801 135837 184877 152961 152259 166703 144438 170859 169371 146448 165898 168113 179287 160475 175460 166273 176895 140966 147449 165442 164117 148040 172909 158149 150344 112660 157185 169473 178413 141237 168689 138157 152064 150141 164983 162114 154870 190263 150749 158739 172756 142352 162244 145138 140402 159176 171749 137884
149351 141861 161533 152356 154650 154946 156722 159342 157083 162685 165092 171641 149581 157643 156811 176309 170869 139572 178634 140449 140532 153711 140695 150397 134718 149307 152690 163948 160380 151054 155363 157653 167769 142514 150642 151716 152903 145249 157650 157066 157902 119888 150053 148357 162637 155714 168494 137048 140895 142994 161569 174179 147734 171506 155106 152438 163847 140352 155445 143727 136145 155695 175601 139741
177754 163445 162175 159376 174298 179784 182465 168879 185672 187238 175051 182391 148558 169830 168580 171656 178292 161417 200616 135349 154569 160711 151363 173204 167771 161464 166747 180355 183396 172965 178278 162536 185172 152692 163973 161381 165447 168945 176118 167386 172788 128202 164158 148439 188147 162700 176624 153428 158621 153538 162904 182168 178990 189388 159432 168821 179551 147827 170151 159853 140135 163271 195617 153498
152886 125649 159478 150411 152118 150419 161610 154599 161632 161929 159617 160091 145314 157369 156227 180187 163143 143654 162402 132062 145629 149732 146337 167405 131715 147271 150396 153778 170322 143055 154386 153880 169509 148783 144364 147574 156988 139790 158809 142153 142020 111051 150923 137911 170600 155971 160457 143419 144927 148607 155952 166008 159002 167719 157948 150934 163764 140051 168895 131404 140528 154147 170646 137661
136678 126950 137464 142154 142781 141737 153126 128769 150607 143089 134816 142376 123195 151725 142215 149686 145559 138363 162612 113782 132010 133940 129932 142111 134253 138937 139751 159753 137805 136330 144180 129189 154663 124543 135176 141824 148464 129085 155106 139999 141399 108484 131523 124937 145722 135322 147744 135152 138515 133112 135414 152742 141551 150272 131755 141195 143480 127687 141433 136498 131168 137861 159537 126715
164593 159587 172158 154577 160355 167430 173126 172809 171135 182427 163092 175733 156850 164493 170584 170720 176257 158146 180348 131476 163829 148017 152900 165107 153482 160355 156946 174263 183765 176731 177431 161001 177724 138620 162151 168197 164152 158707 169939 164863 165892 127705 158529 160688 178481 161939 175581 164909 155765 152425 167781 178818 170902 189749 154135 163006 181772 141418 180397 141514 149694 166953 188407 161110
154895 148708 166324 160787 159046 166293 179308 167310 170235 170782 171956 167580 149773 156146 159418 162115 167815 154139 181825 127670 149062 160065 137104 163123 154740 150124 147920 171483 181713 153373 168296 164009 160738 140570 153551 156929 165885 146795 154914 147425 148773 117227 150434 153373 165734 143906 170060 148171 144574 150630 163090 178904 168875 183712 143992 161152 175101 134805 159215 155773 140920 158310 168481 154158
160514 163161 172075 159318 178169 169374 165487 169544 174001 179810 170296 178152 164186 173304 171510 176994 177529 151173 187231 145102 162976 158617 175271 166506 151460 162709 161051 174374 181775 168162 183630 166219 184908 149722 164265 171813 161642 155474 173274 150039 163867 139752 169521 156751 183821 167648 185449 167285 142906 163184 179425 184481 187246 187948 164023 158323 178032 147591 165119 152739 151395 166087 191696 159400
178884 172280 175369 161946 169189 173575 189033 183452 189493 176057 182668 179203 162951 170293 186229 179367 179455 154505 198021 162820 165745 171517 161051 182928 156337 173780 172635 180085 190729 160607 198028 171817 180471 168901 183344 164835 175396 157420 171876 164327 171785 135552 165642 155770 193930 169656 182225 155342 167528 165171 171444 196936 189531 190501 192084 184087 192298 161707 182761 169983 149811 170663 198945 142665
165798 152639 157252 156138 155031 168091 178418 161321 162241 173470 176040 176292 145739 168558 167361 171558 179588 153534 190829 133604 150568 164644 146516 156110 149555 157443 168764 177620 170541 159866 179226 168922 175721 137221 158069 164484 167237 160195 168885 155440 167342 128709 151958 156531 175370 160389 178021 153583 137354 151089 154439 179164 169242 179706 160684 165132 166325 152337 165159 162810 139640 166793 177341 145662
178918 171172 172095 178333 185201 182882 191851 192424 193393 185069 174607 191140 159922 173841 185861 184683 191046 169507 213020 144153 163154 188754 165668 195944 181192 156051 175292 198530 195370 174802 183262 179890 182050 165121 177057 173710 186760 166956 190633 180244 164201 122442 172816 160192 197626 180325 187257 155679 172587 166319 175615 200936 189540 208701 174052 183139 189224 168343 192998 172386 160257 186315 203340 174179
161137 150802 161571 164179 165272 166873 162608 168758 180888 173711 169506 165318 149889 174507 151258 168663 176801 149216 197111 142047 157006 176214 153851 175296 156600 159550 158759 174286 172848 152357 159813 153854 171802 144694 150159 166240 169674 150069 172309 152617 161318 124504 168035 156623 188687 143339 170674 140810 150544 147255 167846 177918 168644 186921 150206 157614 173334 147019 169290 148132 146880 154290 178784 144636
164037 140207 157542 152757 158853 159535 175954 160742 161375 168067 153549 160579 138104 170684 163213 165420 162987 149770 171997 134157 156805 154993 149572 164144 158382 149407 155119 163939 166513 152837 162554 143959 161612 152094 151493 147965 166099 137263 164180 153866 146854 121670 154067 125786 168710 151656 160337 134319 154112 148480 161803 169721 162426 177353 160038 156443 162976 146314 165058 150801 139276 159547 178810 144260
147881 140189 167308 156556 155096 148969 164807 169483 160070 158426 155840 166229 142122 163938 167703 170184 175553 137478 174288 135117 142689 148685 138576 167315 161107 147732 154772 163643 171716 156403 158522 154802 167973 148566 157338 153332 160846 153291 157995 157184 150887 111543 153154 141152 166602 152161 160204 133683 147905 145019 157954 159304 155315 189294 158531 160785 165404 146566 166374 161337 131307 164223 155008 141960
172528 144942 159782 139223 161759 152216 167648 174694 164744 171067 155979 173551 158464 158654 149300 152487 158630 143525 178237 137794 139621 158622 155423 156073 149153 147915 162710 165460 169232 138304 160358 146757 157641 143242 166703 154617 153663 143285 155191 138903 146171 126284 157603 149011 174138 146074 178206 151318 146844 148743 160030 176532 167742 182872 153692 147176 156791 146260 169119 144148 150020 146628 172601 141756
173319 155866 174930 173079 179543 190750 181932 181936 182975 182517 173908 172837 158517 166853 180008 189637 189265 161547 198217 148816 169249 180896 160079 178861 158976 160671 163201 192462 185205 172944 183843 179401 198432 163886 163520 188035 187190 162941 180791 172485 175036 126836 172710 166181 189977 172927 176002 169062 154022 166459 175766 199929 177397 188373 179471 157038 191024 162111 203628 164594 167763 183179 204545 156246
160888 160186 155076 151235 158808 154764 170763 168240 171646 171230 163806 159844 152150 169288 161259 165836 168128 150745 176847 145572 150355 172518 153097 166938 147478 156113 155003 192231 177504 167888 167391 151796 170097 163591 161648 167015 160643 157634 164152 170220 154371 127382 146002 139049 170017 152916 162115 149903 159269 145625 154872 179833 176888 163861 165665 161921 173331 138784 170193 158352 132285 169670 190007 154900
175059 163892 178111 162589 175365 175408 183202 182047 189144 183811 180110 178307 159491 170814 163899 173135 188401 161292 190973 146519 159769 174417 152854 187318 168570 164085 160049 184698 190731 167198 179014 183025 179895 153964 154980 176140 177342 162784 174227 171372 172205 136171 154801 166446 179740 157655 184864 155853 159524 154196 169268 184051 170829 185622 157159 167946 189781 147516 177509 162955 146122 171663 194935 153714
169259 170239 177696 166346 179064 176834 180509 190562 186522 176246 181335 179796 166342 178213 178587 175950 194482 171037 201047 149447 160769 174226 174662 189294 166462 159432 179436 197819 191086 175051 184866 177853 188664 149530 165471 174183 188530 168405 186375 172679 165050 136773 171678 163449 195624 172675 189313 156913 159269 157404 176665 197709 198388 196330 169189 181699 181621 160372 172857 166962 146605 182166 190887 168715
165996 155212 168151 165958 177674 163438 181147 170277 175668 171067 160620 169101 161089 173164 186183 187251 191190 154330 179837 144780 161444 159803 168475 185915 162114 161784 172592 191145 175020 170930 179891 166740 184182 151503 168147 168958 172867 165813 176704 175535 175859 124422 166700 150200 177405 159809 178287 150552 159295 148207 161658 189111 177703 198448 174997 167578 176403 158821 173945 157457 161750 174444 193428 154095
143136 127699 150986 136210 145019 137477 149430 152682 150478 152168 147954 153112 142450 141804 150593 149813 156346 129004 156050 128180 139223 144553 143075 149796 123059 140321 131995 158620 159290 152731 144596 132746 160302 140232 142284 152187 147182 142846 146885 150659 145419 124269 134232 132864 156890 138281 154299 135614 127366 136268 138934 148228 152481 157690 151783 145622 148913 131378 151666 125999 136149 153760 165523 130498
177207 154797 180172 165216 182011 171630 182420 191096 186913 181482 174791 186341 163470 177600 169415 175178 179104 163485 197818 148875 167715 171074 161892 187588 163866 165017 165564 180780 172027 159627 169134 168159 187948 165233 160285 161584 177655 153844 177163 160363 166528 138799 164583 152002 190618 172930 189515 154608 154054 155869 187123 195440 174311 206109 171444 160021 187075 160622 177135 157444 153910 169880 181802 157821
165827 144209 172242 154128 167336 155427 172040 181223 171542 167183 162649 181341 158254 171430 168646 168358 179261 149563 193282 147091 159106 160370 160872 166726 157564 152727 169464 185221 170855 169550 169350 153565 174589 149468 165462 165865 167159 154497 178808 169949 162774 132239 163191 155602 188472 159814 180319 141747 154516 154084 171189 176310 169848 186812 164049 173035 172665 160038 166682 152950 146609 167509 183227 150804
165723 163756 169289 170898 178321 169032 184702 174430 189632 181918 178331 177775 160960 191887 182318 178019 177765 165836 198701 159343 158865 169660 172979 175917 163948 165030 158939 193681 186315 175816 174631 166494 193199 157039 166799 172799 182761 147328 181624 167902 160854 134788 182462 162495 185987 156815 197070 169834 149159 176435 181419 193040 185686 195431 163201 171545 189037 159437 174944 152735 162838 173075 203298 180431
145526 135717 147106 143224 142883 149763 148653 151241 153996 151132 158854 143315 133289 150072 148319 153354 163786 137361 164399 129294 137197 152292 136787 137662 126361 127896 141155 161788 160926 153379 161234 153842 153454 137861 142436 166604 145071 142369 155936 148116 147328 117128 139151 144674 159565 142201 154826 142675 133043 139417 147717 164264 163539 151886 144215 146911 165431 120095 138993 139026 120394 153793 166451 139119
149669 148600 152364 143034 152785 154141 156609 158438 162468 161347 155463 158273 139549 158003 152864 148578 164177 135879 162309 130774 137417 150042 140778 165644 147701 151094 148589 164721 165734 150489 157995 155299 155288 132691 161846 150693 152052 150313 161699 149220 152536 115103 149815 136971 156742 141751 169963 136417 141480 126061 153651 166504 172775 174894 149621 146903 160252 135866 157873 135924 129119 157680 159434 147584
159561 144642 156949 143220 158409 146957 168213 170291 156136 173846 162433 177481 144188 155698 154874 170793 171496 147899 176927 137272 155520 163879 147550 158335 139791 145780 155465 174959 167422 153460 173763 156375 154442 133369 137634 144274 154318 144336 160102 141845 145893 118736 149824 151057 178000 154030 163306 153733 149871 144736 155255 171267 167929 173668 145148 158030 169740 130876 156967 141270 143247 168390 182940 139655
154401 144921 157065 162233 153282 142857 146669 159836 158142 156100 149371 155056 146237 145549 165995 150918 164748 139273 173148 141077 153498 143678 148741 165941 145107 143764 146559 158503 170581 149148 164928 139689 163391 153757 150236 161723 153074 141934 157396 152328 143776 118651 147428 147268 167670 141306 140790 142730 142818 137775 145877 155387 161670 178117 148889 149588 172708 139019 155069 140510 135745 143669 167385 131687
123042 121013 125887 128887 141508 135105 141509 136016 129842 140052 135471 138499 123416 137462 137376 144314 145422 111659 159130 112180 124906 140394 113055 133938 119092 133151 124585 144233 145107 140569 130016 135026 148556 115475 117348 131908 133100 124487 134748 140677 128059 103549 140938 130249 150233 127246 138219 116872 110774 129125 121236 138021 133394 146939 130997 135037 139496 127849 140966 118615 112939 136410 155952 116827
156901 150257 167983 166605 167048 150100 171930 186419 167951 161664 154037 173577 149850 166815 160994 169068 177363 145134 188541 148189 140036 167766 147121 177830 157488 148033 157851 193033 172858 160794 159752 164507 166031 149099 163638 168946 178525 143793 163047 166798 147280 121861 149544 153954 172965 147499 168621 155220 150598 157213 159013 169540 162315 182118 162065 162215 174395 156977 183046 162184 152844 168714 181023 152381
187160 177955 196495 189549 184430 192351 196979 201080 198705 197186 203132 198473 185884 202694 187403 215360 214145 172847 214248 172480 177560 193969 189089 203254 174783 187648 186411 202446 205666 187414 195956 181501 210882 174379 192140 196488 197231 178169 206094 184876 194233 143662 192603 183269 206131 187935 206649 183816 174682 189475 198075 215178 201918 209679 182635 189626 217812 183137 213865 172151 176057 188606 226919 174725
168054 154712 180475 169943 188521 165454 178659 192333 180823 177092 176457 185610 170771 179072 189027 182056 202610 157962 193247 155486 167472 174129 174596 182085 159093 164702 165541 193002 187207 185039 181000 173725 192087 161496 164761 182446 173211 170343 185009 181494 171417 142023 172232 166575 179677 167164 192476 164139 149655 162690 177709 175905 177898 199444 174534 172931 189593 162739 174201 160808 160971 187564 195570 168272
173838 163874 167415 154096 165764 165314 178934 169691 175345 186376 176771 186489 165637 166649 163638 171993 178755 145556 199485 154941 154574 178789 154259 164960 145783 163844 163696 175992 186936 155366 185082 169804 170664 159220 169925 177128 170984 149745 162462 162449 158563 131364 168457 165782 177162 159517 187010 167198 155607 164789 155775 180945 177823 182109 171455 179553 180842 145950 176919 151029 144982 168099 192389 154672
146484 138354 147119 131122 130090 137353 155869 152539 150899 145144 151956 145207 139043 150877 151606 153675 164795 137886 166591 126661 132028 139317 139820 153575 132749 138685 148054 150759 158562 142807 149996 136288 154910 124939 143703 144745 145453 141688 152427 140681 150251 112816 147938 146725 158868 141607 157872 139839 136456 141877 147318 163378 155965 155797 137732 147296 163519 119155 150522 138337 122494 143690 165236 132853
139193 139633 148308 132279 137492 136779 147166 150758 155083 144844 141165 144291 136800 140238 139742 144834 155780 129946 153972 121456 132566 137213 135309 154974 130704 139287 135544 147097 161430 137703 137380 138522 147369 133963 144565 137059 149046 130536 149331 141442 147160 106243 141881 121109 153171 132171 154901 123244 134667 129962 149570 160413 142818 165303 144547 147231 144822 121486 146109 129598 123662 137780 154396 139048
176202 170055 180145 166653 180522 188225 189138 191678 182727 199814 177851 186115 161896 180352 188755 175888 191377 165474 212389 140236 176818 174812 161400 171485 165750 165473 176156 187193 187041 189191 186183 168958 193760 153903 171881 180101 177700 172579 187442 175691 182697 140648 186664 166044 198279 175976 185667 168264 154319 175803 185765 196454 189920 200738 179737 169258 196457 156351 193880 165506 172970 184214 201463 165039
173688 149894 149856 150307 174240 163420 179232 168920 156663 179217 159419 171413 149833 178764 169592 175239 171869 150053 188674 145190 157725 160061 152345 164879 156547 158138 162932 183355 167512 160527 174616 165488 180148 157912 158396 164143 155739 161388 172290 155253 159618 131072 164160 126807 184596 157270 178054 149753 143318 158160 157325 178995 168498 182474 173838 154470 181151 155833 160400 163490 143190 169874 186184 144008
192340 151444 185381 183082 192761 172566 193944 184146 189531 185197 175334 195782 167806 186629 199446 191370 197102 160145 204751 167392 171231 182619 175939 190767 171000 177623 181779 195511 191215 169718 194209 185012 196571 172825 176367 184214 187001 164067 189994 177777 167778 149905 181644 170158 205250 169424 200599 166667 165930 168640 174583 206211 197089 204083 192879 182409 189202 167985 183955 159346 162799 177605 202543 166965
139320 129855 148535 141089 155363 133897 151357 157209 147906 148704 134222 139062 118849 144861 147788 155233 165257 131989 163997 120855 124292 142827 128419 161168 140400 135188 150383 167038 135506 142779 144582 147021 147395 125025 136743 134589 158538 126692 152605 153037 157075 108535 135946 131833 150984 143175 148154 125827 130077 127292 140671 156567 135562 166354 147214 148067 145166 140233 156832 140911 130610 152625 160623 124759
137076 143563 154900 147015 168647 157212 157988 155361 156412 152696 146326 145247 144773 152203 152533 166754 164519 140267 176857 137465 151147 153425 142500 157882 144505 146082 154732 165657 150666 140710 166873 148403 173900 147415 144478 155800 158449 131636 166934 146320 153166 112605 153936 138907 176935 155522 150075 141310 142905 155336 159492 164020 147920 165213 154769 150344 158305 146534 168396 152105 143081 159183 179108 127543
150094 145853 137703 145559 154160 162938 172340 144281 154786 151451 160418 154240 136892 165589 156110 163468 168059 142162 174509 130896 128958 144253 142482 149864 146214 150332 152237 176336 166325 154777 156844 155860 167488 127349 143682 142261 148983 144479 173400 152496 145648 119409 150411 125535 170030 146307 167964 139925 139923 149587 139590 166459 162621 169151 153530 152353 152068 141216 149781 145322 132456 167954 177569 146567
145163 145517 156402 135483 149007 130698 155642 142348 153896 162247 149258 151206 146114 168080 146216 154100 152970 138924 174364 132834 138578 153180 143347 152908 128932 149780 157399 166333 159096 149368 148663 147056 154304 141676 153058 147443 144699 139761 161701 145127 142134 124387 144914 142139 164188 150398 171586 139491 140888 140070 152193 161881 168655 148750 155908 156397 162524 126586 154736 137553 125423 157393 164188 138097
158726 153861 163831 152982 175593 172135 178079 182299 166934 181468 174985 191287 157944 170850 170290 168451 175988 157439 194450 136260 141198 173578 163638 156642 153156 146925 170605 182543 174055 153053 163634 166447 164424 147887 163240 166630 165818 163563 169722 153061 163849 134421 166404 140585 182274 160580 180132 150344 140193 149985 166444 190112 181107 177267 172310 151458 163660 148699 168914 161181 154639 164914 174460 145965
180403 160921 171218 156442 166746 183991 177303 170977 183607 188844 179663 178918 149779 176052 177705 177599 180943 156955 196069 143673 159833 168915 161525 166004 153113 155767 175947 172004 187089 166407 182844 173937 176663 151514 170932 168759 160058 165249 180687 165034 167891 137340 172683 150940 199850 172387 179536 160290 163285 165704 171755 193236 189293 182274 184746 172127 175005 144996 177825 155080 153542 184778 192074 159737
182826 161588 178957 168562 183826 178858 187689 198058 194190 192939 187976 199460 171452 181201 190760 194722 203175 172641 202565 156682 171248 182980 185097 195219 170088 161753 176893 203451 181331 170861 184483 184699 195135 164351 163905 176882 175891 181487 181409 173894 184711 132132 176392 163896 194279 177475 192303 167274 161195 162001 181572 205875 191651 201822 179102 165891 195739 155283 189034 173930 176859 187752 209186 166370
170638 166003 170836 153217 165164 161219 178038 169799 174397 185341 173025 177835 166835 166327 163668 167112 184815 154571 196938 145601 158474 166937 159892 185361 160278 174666 170186 184722 180996 159742 165397 161151 179603 148362 163137 169316 172834 167876 177027 169556 170634 126827 168048 157253 182184 154433 186317 152585 154297 151471 163383 186308 162209 194286 163517 167065 167469 153539 172060 155323 147250 162488 185251 153081
159255 153105 163050 157226 170115 165332 169844 181850 167716 158238 168441 175276 165994 159965 176578 169231 174570 148251 184648 146550 158661 161163 159985 179921 162926 158974 158821 188794 180699 159803 164049 167372 172591 156467 153243 164249 166734 155804 174205 166867 161301 125595 161844 152607 177085 159959 172186 151258 147157 149230 155202 186183 183536 188739 172426 158998 179382 144407 172544 153712 145161 169031 177095 144023
155872 152462 179455 175118 167972 161455 171901 162976 180971 170070 160677 175713 154999 169309 166691 174233 173356 154924 185256 150643 147209 166386 148619 167287 154607 147987 144407 180157 169720 162283 152967 165642 188713 152527 148284 166520 177022 133793 165034 176027 157486 131471 159998 160125 158444 157897 180350 151980 144880 163727 172736 178917 165256 180664 158954 159272 179910 151776 179272 146202 150661 160556 188770 158844
141929 137579 143636 143141 159699 142643 149398 147613 146011 144917 147931 152636 149472 138174 141384 151781 149138 132090 162548 138605 123338 147688 141597 143597 130215 138052 141106 160616 155818 135577 147570 143407 161676 143689 144133 149019 148260 125678 154865 145200 152110 113327 146899 136420 148954 131610 170413 135717 123994 140352 145777 161619 149724 158427 143970 143437 153355 134074 142953 133795 125652 137852 169605 123303
142666 147658 154531 148370 153221 163737 157610 162179 162926 170002 154774 161904 141830 161674 161974 164603 166834 141303 181392 135000 147160 146609 148536 148879 144204 144638 152341 162240 151518 159799 163800 138886 174296 134945 147521 161952 168060 143432 166905 150502 156914 119202 157931 147039 165767 163216 159362 150670 141386 145312 159044 174912 160378 181754 152829 143519 157973 140920 157275 146464 131010 158560 171980 134195
186155 157643 175731 165818 170897 172352 180271 191972 180435 187451 172002 185041 169005 165864 175817 167110 191012 164304 200483 146135 167014 183395 162702 187939 161133 159721 175356 184863 185821 170468 172052 165161 178831 156029 169411 180338 175990 171600 184357 180857 170993 134201 170669 171166 182240 169830 186314 162879 162818 153894 166447 182619 178222 205715 175064 172157 180016 156930 180978 172055 152920 186228 191677 163533
171150 147522 152072 147157 157150 151581 171268 170642 167023 182271 156265 164616 142936 167963 159270 167102 171176 160704 178546 138547 132323 165518 143014 173768 147847 143817 162222 166429 178943 150112 155392 150632 160144 145123 145889 142469 164084 149239 159738 150551 155619 121937 158645 143982 169504 155057 171433 141333 147037 146674 146778 165523 172746 180478 150288 171709 166266 136161 161925 151445 136050 168268 185293 144604
153858 140173 147075 134441 131168 136912 147675 153215 148124 155173 140301 157224 129183 136754 154433 154194 147468 136793 165100 133506 140281 137789 131673 153160 129519 127613 143100 160117 154377 150767 163715 142231 150994 128618 159390 145766 145268 138643 145353 143728 134651 106825 137539 133727 153176 143245 156112 139144 132510 139613 146275 153976 153999 162452 148068 138649 169193 130718 154078 137168 130686 143420 165350 135809
165267 146947 159032 147588 154329 166232 166594 168361 166467 172821 173230 168535 157154 160039 161118 169430 167611 146758 182024 150238 150345 158271 150230 162736 149966 160776 153321 179113 171981 170553 174935 166615 182670 140123 163380 157447 159634 151213 166781 165405 164532 116138 173755 158316 172263 152939 190582 153329 147075 150393 161343 181409 169866 182521 158246 160016 181678 144191 174523 143666 148248 163510 189749 163989
184117 177746 172111 160307 180036 189238 190109 188539 187900 194682 182449 198048 166411 180424 178687 187675 196059 166834 216714 147993 164255 174065 165610 180310 168427 177218 170136 187122 192869 189261 195122 170906 200604 148092 170028 167469 174413 169976 192472 167008 173998 145171 175565 165978 195936 185777 198635 174772 166141 179042 184752 198088 185950 200492 169753 174646 200143 158485 181614 162382 145615 179244 213609 171034
180472 156448 169895 146218 156558 173346 174571 189397 173664 183805 187020 181427 172768 171560 156535 173942 199540 159027 194110 161796 148935 177829 160129 177365 152908 161057 180960 174761 187926 157299 178829 163931 171829 148325 170326 168499 177576 176873 169717 168078 172175 126166 169996 167132 181892 155160 198120 148771 163477 146793 162323 185170 178883 200769 159422 167674 172694 141378 162552 162790 148639 180490 189814 163181
147228 143311 155543 149507 155763 149355 156733 155491 148450 146732 147767 158376 141558 148038 138042 150876 157074 124888 169611 137708 136760 152133 126343 159297 144998 145126 153110 157649 158441 135483 147101 134663 148309 135400 146301 149104 152292 134558 163325 148363 138273 115485 139896 143181 150888 133860 153088 137426 133808 133829 141910 153105 152944 167744 142195 137354 158410 134129 143540 135892 126341 145876 163017 117058
158692 128068 149584 143811 146514 151194 160177 152978 162050 156085 149755 151978 135540 147426 151802 160684 159597 141048 167168 132620 147307 143519 144134 154347 146010 130515 145976 162884 153922 149386 167551 156575 161060 133511 140906 156512 149526 137549 160462 137619 148270 106969 146241 139879 167494 145138 160220 143745 134983 137618 147332 173358 163677 172049 144676 143816 171134 136996 148049 135264 141045 145534 166897 125215
171778 154636 153220 151991 161677 170887 180479 161149 167425 169578 168924 161119 137320 170988 171289 163201 171162 163736 189370 136775 143757 167811 143454 168557 157866 152225 163833 177691 169012 154498 172100 171770 178374 145885 165809 156412 171776 153695 167431 155391 156051 127862 156742 142381 167163 158470 180212 149333 138078 150612 162667 188926 179822 172875 165179 147747 174530 145795 164098 162291 138083 165050 181899 162667

