129 15
90 21 94 89 1 35 15 73 41 20 7 33 11 89 60
98 87 87 96 27 96 8 98 80 29 46 24 58 21 87
27 85 98 17 13 46 16 99 44 8 100 34 61 3 70
6 9 75 86 98 95 51 32 17 44 31 97 5 86 50
44 81 55 29 61 75 8 82 41 68 91 77 78 6 41
8 34 39 86 39 18 79 12 29 55 57 19 70 99 50
29 11 47 88 7 59 51 24 51 76 57 62 4 69 8
84 17 96 1 83 3 41 64 47 92 92 86 90 98 77
89 3 96 65 60 6 91 81 43 73 31 60 81 46 11
55 8 74 19 100 55 89 71 22 69 63 38 8 83 28
64 12 31 56 56 19 69 37 3 38 62 44 79 26 64
16 18 42 46 73 59 69 39 13 30 27 35 92 59 13
76 28 96 43 25 43 47 44 90 36 50 15 72 51 11
54 7 63 50 93 99 27 12 19 72 41 37 67 62 4
42 19 54 50 40 61 43 15 51 75 30 41 99 47 83
98 27 26 97 41 65 69 44 59 44 83 16 13 41 64
73 27 30 61 92 13 75 75 73 64 32 52 1 91 14
84 67 15 53 41 56 73 38 73 40 65 33 46 59 94
22 33 92 61 68 10 71 90 75 95 72 9 90 44 56
100 81 48 96 84 85 31 49 48 45 29 23 32 92 30
47 94 17 92 44 61 93 11 29 100 51 53 42 62 64
34 35 59 95 12 6 33 60 15 83 33 55 60 40 54
37 100 2 69 14 31 95 54 25 36 94 61 39 65 37
67 32 58 93 48 19 93 34 33 26 88 29 81 58 68
14 44 80 76 15 39 54 9 50 73 92 65 70 69 93
5 91 69 61 51 32 60 31 6 60 4 54 78 16 31
8 22 27 14 5 13 69 20 46 45 49 2 26 18 97
9 42 94 53 56 25 82 35 4 35 17 77 95 91 90
10 94 20 84 48 56 55 48 64 44 92 98 10 90 36
57 43 56 58 11 23 84 65 71 29 81 86 65 21 100
2 55 32 100 50 74 34 100 30 100 8 23 66 19 52
82 5 9 87 24 56 41 9 98 85 43 27 8 83 35
75 50 45 29 23 25 4 20 95 2 54 1 29 36 59
27 2 75 56 47 55 58 82 11 29 17 97 26 40 31
4 63 46 36 19 19 8 17 100 64 44 56 55 44 27
90 65 43 44 69 36 71 18 95 13 83 32 58 7 18
98 29 46 14 1 75 43 79 66 67 18 100 81 4 79
75 48 75 37 42 96 74 91 12 19 12 73 69 59 49
14 31 93 58 25 70 62 85 42 56 12 25 47 17 59
58 33 89 24 93 34 68 74 92 31 45 34 59 26 77
30 49 70 67 9 91 78 46 41 44 34 87 61 16 20
68 4 20 44 41 43 32 80 45 26 50 22 3 82 62
82 28 7 81 82 39 14 58 30 45 55 8 93 58 89
28 92 97 34 29 29 53 7 38 82 40 70 71 85 7
34 43 39 96 18 85 74 47 81 7 64 97 79 20 47
11 70 58 91 2 56 62 45 29 61 55 29 66 1 87
48 24 100 36 23 39 91 24 89 98 36 12 81 51 90
89 1 32 19 50 71 42 89 43 64 61 95 63 30 32
86 34 67 72 17 18 65 15 9 73 60 68 15 89 27
48 77 33 36 47 35 68 45 52 83 30 1 91 16 15
19 20 53 3 85 27 56 57 19 30 82 88 66 29 31
95 63 67 84 27 46 22 42 91 61 28 16 70 1 1
35 12 19 7 90 99 24 88 3 91 35 36 35 23 36
9 32 20 1 88 6 9 15 48 50 36 100 87 44 9
34 80 26 56 28 30 69 55 58 6 49 5 69 48 81
46 8 30 61 15 97 97 19 57 94 55 37 7 67 34
46 64 78 63 52 96 16 79 14 42 93 72 7 45 51
40 11 4 77 27 80 55 8 25 83 40 14 71 13 15
14 2 37 94 60 48 49 78 98 90 78 11 54 3 80
82 26 99 83 56 36 39 49 52 35 14 31 14 2 25
4 53 25 97 85 63 47 22 88 74 36 68 79 1 20
5 52 98 59 100 40 62 41 89 86 78 82 60 36 84
75 54 30 9 1 23 65 4 21 95 38 3 62 5 57
97 98 20 20 97 27 55 30 93 6 35 78 7 3 23
76 34 36 56 86 83 88 96 35 1 22 12 18 63 86
89 67 76 42 69 47 10 65 53 67 34 91 43 27 62
43 41 31 93 90 49 70 52 4 77 59 65 18 16 68
88 46 74 71 37 88 63 78 77 42 46 34 88 5 73
45 36 76 55 74 80 42 70 12 65 57 43 55 5 69
22 80 87 37 89 67 82 89 23 5 88 30 35 95 11
52 84 97 73 95 54 34 7 79 50 94 69 47 59 6
51 61 59 84 37 48 23 22 92 99 6 90 4 70 91
49 98 18 51 79 7 8 13 81 86 46 2 60 74 11
90 96 21 12 60 70 77 81 53 78 97 32 10 8 29
85 17 35 6 10 29 62 26 99 21 97 34 48 93 9
78 29 73 48 52 90 24 74 18 72 53 95 29 49 84
98 24 38 84 59 79 72 65 42 76 24 82 85 26 51
15 69 95 10 13 33 95 77 51 75 68 99 39 74 15
38 38 61 2 76 59 97 31 73 20 71 29 27 92 93
76 82 27 45 6 39 1 91 39 41 59 40 25 62 91
78 92 17 25 4 16 63 28 60 84 40 94 30 50 52
46 79 66 75 85 80 54 11 42 9 40 7 59 3 7
48 77 64 47 35 27 93 48 4 99 36 19 28 87 80
32 59 36 6 41 59 78 36 23 68 45 22 87 43 83
8 3 55 46 92 28 51 58 76 25 19 97 18 81 3
67 51 35 99 66 51 38 39 67 81 9 33 69 2 60
89 26 84 7 36 72 46 70 23 39 43 45 20 65 24
48 72 26 29 18 79 63 87 50 58 30 59 56 46 9
68 80 49 35 16 56 97 49 57 29 64 95 13 55 21
3 84 18 41 62 42 4 23 98 33 87 98 7 27 36
24 20 8 11 30 42 92 33 69 16 25 85 52 59 28
95 92 58 68 92 33 33 73 69 66 13 78 87 13 56
19 89 34 45 60 96 73 92 87 97 77 31 24 36 6
67 18 52 12 65 46 25 64 44 59 34 68 65 54 7
75 73 58 100 16 17 16 90 75 27 1 31 3 66 79
63 42 32 25 53 40 99 73 41 39 72 2 71 33 25
72 17 82 42 14 4 33 48 84 41 24 13 55 51 5
98 55 2 61 17 61 9 84 43 91 73 53 33 45 71
16 80 43 82 54 72 19 7 54 6 10 98 36 11 10
90 40 49 46 83 60 51 47 83 46 34 2 92 32 16
16 17 32 99 83 57 63 47 51 52 16 14 11 21 29
93 54 43 2 64 83 31 98 87 39 57 95 97 65 82
37 76 4 38 70 23 92 18 21 27 53 93 37 26 71
98 6 36 2 43 75 91 39 16 22 66 81 5 37 38
16 84 8 38 4 72 27 12 25 90 89 14 7 80 76
10 90 28 6 51 36 10 61 27 55 23 36 91 87 61
45 88 75 23 74 74 100 81 99 62 16 70 61 36 39
51 63 40 1 27 56 33 96 31 100 74 28 33 80 96
73 31 61 39 60 55 21 14 87 6 56 85 61 54 42
91 3 45 28 4 44 91 13 30 88 38 34 8 14 22
22 72 49 30 71 99 76 66 74 10 79 63 56 78 2
3 17 60 34 54 15 91 54 9 92 22 93 93 77 12
25 91 62 40 70 7 64 78 17 80 94 3 32 39 50
1 37 30 88 4 87 77 92 92 33 6 86 90 6 9
74 100 82 44 55 34 87 11 83 66 89 61 100 83 98
44 20 89 5 16 61 66 94 44 24 70 87 61 30 52
17 87 28 90 12 40 76 90 70 16 58 38 30 69 89
13 18 95 24 58 69 94 27 45 48 57 56 97 31 63
54 10 80 42 62 100 73 5 65 96 39 57 10 42 2
55 64 50 69 85 10 78 36 4 9 49 35 24 11 37
9 91 57 98 38 60 82 80 82 24 24 12 5 53 81
92 62 48 61 1 99 19 74 98 34 84 5 84 55 49
86 51 65 75 6 45 80 48 83 8 77 69 36 71 53
91 44 36 65 52 79 78 9 99 37 53 23 5 37 94
70 56 80 40 13 96 65 72 82 6 98 87 84 37 71
22 98 37 65 26 73 28 63 37 6 58 47 72 44 83
15 24 84 92 9 45 10 54 40 4 20 60 34 55 62
92 94 42 93 44 49 15 92 42 74 30 48 17 98 27
33 40 3 25 99 5 3 60 57 68 62 25 72 98 30

15 65
4 9 44 47 83 48 91 30 82 45 11 65 30 18 10 89 86 20 28 27 37 2 65 8 22 75 17 22 64 91 45 70 70 59 40 23 6 26 18 60 70 78 7 39 57 19 47 74 89 18 6 22 29 71 21 39 18 25 51 67 47 67 14 84 92
58 23 46 67 41 35 28 54 40 46 8 88 15 9 36 39 71 47 81 23 64 38 14 81 81 13 15 73 29 18 48 78 88 10 12 59 36 10 39 68 80 45 26 31 75 89 8 100 40 64 60 33 73 67 45 47 19 12 73 18 59 44 64 63 4
25 95 3 100 30 60 19 30 2 50 5 47 14 31 30 58 14 36 99 41 44 86 33 80 47 2 26 64 13 87 45 62 65 84 65 28 64 47 98 38 68 67 5 37 11 51 70 17 21 93 51 88 14 15 18 31 45 62 44 79 94 76 15 93 23
36 89 61 23 56 7 31 64 28 40 7 52 78 56 96 85 98 83 83 13 28 55 74 49 3 56 18 63 24 3 91 61 29 76 68 43 37 81 21 38 64 29 34 71 75 89 43 13 61 17 43 3 35 13 95 54 67 82 56 15 39 37 6 89 24
95 98 14 44 83 35 30 80 37 21 91 15 8 55 36 44 9 76 45 36 49 7 71 7 61 62 87 93 92 72 8 84 23 21 55 41 38 89 2 24 12 28 20 92 73 29 49 36 96 15 11 18 20 87 78 2 37 61 21 98 75 99 65 48 98
93 43 65 30 84 4 56 6 12 33 61 24 41 96 41 77 36 53 44 55 55 78 36 9 75 20 83 85 73 31 64 44 90 2 21 23 65 66 99 99 58 11 71 27 24 69 32 88 40 35 25 85 98 1 67 7 25 30 15 43 88 68 74 3 91
61 20 35 84 8 54 80 88 11 55 23 13 34 8 2 82 9 59 4 100 13 65 91 86 95 11 47 16 78 41 50 100 57 85 2 88 25 61 45 25 58 75 29 68 52 91 29 21 74 18 45 66 7 55 24 44 41 24 34 7 29 49 88 9 62
71 91 92 84 49 94 24 67 56 10 97 51 70 6 57 14 61 67 15 29 36 17 15 13 22 78 64 84 87 74 75 42 38 61 94 27 15 39 95 17 10 29 49 91 55 65 43 86 70 24 71 74 16 96 79 86 59 74 88 45 15 86 96 84 95
31 47 63 51 19 15 61 84 67 27 24 59 58 2 15 48 84 37 24 7 31 47 81 26 89 17 40 18 31 95 84 65 63 84 90 72 6 96 97 2 80 62 43 99 49 81 21 16 72 12 3 10 27 13 32 16 3 8 25 71 62 25 41 30 89
21 70 62 90 60 14 47 29 6 84 91 65 1 7 7 88 28 98 78 32 6 58 58 28 40 100 47 43 54 60 19 3 4 60 56 92 12 52 78 90 63 18 40 35 59 61 3 70 24 23 29 69 59 46 57 65 78 21 61 39 48 90 48 90 97
31 97 7 89 14 1 37 67 26 46 29 10 99 84 58 86 19 52 9 74 29 46 1 25 10 9 98 7 96 22 51 77 85 19 36 61 13 26 16 22 79 42 97 54 23 12 99 77 84 53 56 81 35 59 67 19 40 92 49 92 27 44 36 49 70
8 70 96 24 94 86 15 81 22 99 54 89 26 40 61 23 31 75 58 31 23 58 31 36 63 63 64 62 74 22 24 60 58 70 58 27 89 45 53 70 74 92 87 85 31 84 16 19 80 87 27 53 22 64 56 88 39 18 53 26 61 43 8 53 32
58 69 63 4 20 30 83 47 20 24 5 92 15 77 82 6 27 86 74 87 90 59 25 48 34 37 68 65 72 74 97 70 24 2 73 85 62 20 95 15 74 69 90 29 86 47 40 22 15 33 89 70 80 25 95 11 86 53 66 86 2 36 66 24 40
100 16 61 17 2 29 100 81 77 47 83 52 8 4 16 48 67 56 93 24 95 15 8 79 2 94 93 91 34 60 94 97 54 34 87 40 1 3 65 73 89 97 22 58 77 62 38 45 85 35 9 40 18 17 25 9 44 70 80 12 32 56 19 61 24
66 29 59 15 64 57 19 56 78 22 57 20 85 67 49 62 38 14 17 24 96 18 54 46 61 99 100 86 32 62 39 16 7 29 91 79 43 95 18 96 23 12 29 91 87 89 87 45 89 54 46 56 96 25 4 22 74 45 80 17 30 88 83 13 7

129 65
32250 36929 36869 33333 32272 29236 33413 37103 31138 28150 27554 35083 28262 21033 27122 39984 38826 34351 38286 20503 33657 27297 29361 30171 24893 38368 34663 42243 31098 40036 42606 40992 34303 37874 44678 29250 21253 33168 39905 35655 41360 36843 21990 41541 37514 43620 30732 31393 43699 27393 23691 32393 24797 25585 29811 26637 30598 34000 39706 28389 32835 42095 26085 43561 33941
45921 54337 49877 47569 47788 35638 42033 48284 38926 35138 35065 48287 42515 37539 41338 53579 50409 48703 47025 32630 46052 40380 40402 35861 42916 44276 49130 56814 48784 52667 56533 54062 49989 43040 55726 45141 32696 49284 55398 46985 55015 42131 38392 55368 51956 59679 41753 50139 56407 36816 38046 46968 44722 38239 48153 34190 40901 43103 51219 46071 46292 57165 45760 52576 52211
34980 46597 34657 42792 31158 30782 27811 39197 26294 27337 26610 35591 34480 30397 33001 36707 30733 37033 33447 30469 35755 33057 23468 30419 33805 27961 42164 42035 40936 39550 41218 42812 40738 30441 41709 36540 26973 33214 44011 31961 42015 33471 34764 42295 36146 43422 36406 39988 41980 34666 35591 43804 32981 33206 36690 26924 32418 35973 41221 39147 33335 43545 38504 38771 37125
44423 49508 40264 36643 42010 30015 33669 46101 25494 36638 40667 33962 28360 33345 32753 45645 31399 47791 43697 29870 35689 36377 35334 32609 36382 40864 49923 52580 44338 37652 40409 48810 38130 37646 44699 35619 32208 44287 42234 43285 44641 38293 33056 50180 40689 51110 32927 33260 51416 32775 25320 40308 30052 30889 41198 27669 35816 38573 38091 33874 43068 50409 34076 40982 42497
40339 54461 43676 45343 43259 32156 34926 44926 28042 36316 37068 43992 33302 36020 37318 43840 35000 49957 41552 34680 37829 37635 30899 29711 39406 38529 49715 49507 51930 43792 43774 48439 43888 33535 46120 42669 32099 39729 49003 40961 49222 38242 42820 48203 43780 49149 35181 46401 48985 35812 36056 47187 39194 40482 48088 32240 38123 38004 44716 45549 40323 51560 42392 45269 50052
38358 39417 33723 33103 25246 22064 37281 43232 24798 30531 28582 32608 26546 26179 28773 41201 30589 42799 38858 30793 34780 31200 30860 35421 28695 35068 42090 40324 36930 34431 42777 46230 31427 32031 40037 41267 21612 33721 36660 33108 44485 36787 29553 41264 42491 45025 30003 28761 42918 25096 27869 34691 28182 25626 35933 22030 35621 35644 38673 29208 28326 39630 32044 35729 33371
29164 38436 34426 34513 29202 20499 31844 37070 20984 32856 28339 31199 26027 22629 24894 41881 31119 39638 35245 24525 24223 32170 29326 27595 27044 31699 35558 34147 34550 30345 37447 39215 33731 35374 35830 32743 20708 32932 37917 33711 43022 33517 28966 38251 32063 42071 24679 29024 39743 24511 21134 32829 23595 23385 33321 25728 28734 29950 32570 26583 32005 36524 24482 37178 37159
45998 58867 47263 51382 43919 40953 48067 57162 38267 44342 46219 48877 33699 34649 35921 52193 37861 55487 49510 40494 46974 38624 38725 39542 40485 53828 61348 55470 57659 60006 50110 59724 44721 45385 60383 51909 31856 44496 54063 46598 58361 54052 42338 59207 53475 53505 44721 44943 62568 40765 36557 53411 36486 45795 46103 34214 46926 46626 54412 52813 43338 62348 43615 54777 55847
37161 52086 41944 46980 37898 36493 43015 48958 28724 37823 34378 43295 28333 26094 31854 46739 35889 50999 43121 36398 33664 37131 40372 35298 35799 42205 43318 45013 49133 50834 46503 53496 38425 47059 48948 43417 27769 40800 49420 34515 49583 47299 33242 50576 45392 49325 34072 34600 50782 30454 32792 43574 26377 39480 43435 34079 40421 39378 44327 43013 37432 51618 37392 50351 51150
43303 47133 35763 46162 36418 31563 39110 46252 27922 34582 41772 31750 27073 26501 25103 47229 29204 45670 36900 34096 33063 32164 35180 31387 35523 40363 49105 45731 49066 45212 38967 50750 39027 38586 42574 38753 23666 39372 42545 37822 43519 39985 30055 48497 40418 44584 34364 38716 52523 28615 26290 43192 25557 38184 37815 27277 34520 38356 39176 39140 38947 53037 38939 43017 51103
32237 39451 32257 32003 31548 26179 32933 38702 24072 28197 26683 30748 27392 28750 29041 38347 26509 38926 30166 31259 30941 27270 30501 26752 28036 34535 40130 36686 41304 35364 35631 41547 29423 29780 36657 36753 23387 33261 31373 30638 37698 33521 30131 40053 38799 38490 31361 29616 43022 24387 27896 34775 27576 31057 35273 23587 33929 32843 35880 32983 26520 40690 32686 33667 36936
37458 38711 31714 29442 27885 23287 33644 36972 19676 25998 28277 30281 20329 26888 27123 33012 23992 40703 34065 30936 31307 29289 27632 27471 29084 29507 39308 39786 39245 33925 37251 42685 29921 26465 34656 33554 24279 30754 37566 28214 37061 33132 29293 36595 36351 38430 25606 27235 37312 22591 26131 34319 25831 26529 36818 19785 31202 31196 31915 31661 28381 38210 32706 30300 36384
33459 42271 34369 40031 29189 25870 39373 40066 27271 29803 25004 37395 27058 24864 26717 41655 34724 39546 37880 30131 32999 33868 32637 30968 32880 30095 37642 37712 38803 45427 44960 47490 39560 37303 42528 37551 22724 35022 46859 29955 47448 40596 29660 41290 37659 42359 31184 32539 42339 27219 27362 37561 27212 27976 35385 23324 30537 33140 36595 40208 35286 41448 31693 40518 43464
38556 44316 33462 34163 36751 21756 37091 36125 21843 31447 33506 33393 21104 31836 27733 42331 27952 44495 40674 30724 32768 32930 31481 25674 30751 34972 43158 43745 42822 39198 37907 44250 35085 29169 38128 34342 26474 35616 41354 36847 42969 34549 31238 38024 37428 38957 28828 33724 41316 25636 23817 37706 30522 27900 40278 20589 32563 33792 32788 39036 37709 45444 31287 37760 45507
37915 42580 39354 33704 35337 26082 38201 40359 26859 32359 31299 37973 27519 32050 30874 42621 31676 43822 39922 31946 38147 34833 34767 31302 35526 39166 45359 44515 40860 42855 42762 42921 32939 32963 44912 43342 28026 40091 44722 39359 45621 36580 33892 43320 43847 47414 31749 32760 43333 28601 29428 40052 36918 26917 38008 23801 38076 32891 39669 36552 34226 45717 36667 36192 40839
37905 43236 38469 40941 37889 25632 39994 44681 32540 32411 31461 33531 37756 31047 30672 52835 40020 42117 33583 30931 33356 31988 38993 29406 34032 39047 44197 40647 45183 40822 44961 48776 40987 38717 42454 40774 21965 43054 37587 38638 47016 36778 32076 48533 43468 47689 36285 39814 53919 25578 27013 37030 32317 33403 39010 27201 33724 37462 39931 36492 36127 47134 36439 41754 48234
39750 44043 40146 42021 36146 31010 40022 50061 32789 34279 39429 36714 27593 20002 25523 45050 37939 45918 37224 27463 31205 28222 38355 30589 34471 43123 43255 43565 45350 44599 41850 51389 37243 42363 45461 38762 19933 40196 40162 34571 44915 42077 27875 52061 44156 47518 29135 35733 54716 24396 23071 33569 22555 38608 38321 30015 32138 35224 40226 35528 36535 48326 34898 45513 49883
42913 41473 43066 40461 38543 29828 43303 49091 36544 34369 33962 39337 36354 31273 31354 50407 41022 43757 36694 33369 40862 32911 38974 34483 40853 42057 49152 45949 47077 45070 47579 52370 43022 37311 46001 46491 25083 43422 42116 42686 50760 41487 35061 51629 49308 53298 36241 42562 56329 29668 30261 40014 37917 35892 38828 27718 35897 35721 44805 37304 37082 49325 42364 40023 46760
44549 58157 42491 51611 35268 33341 41778 52422 30694 35779 38867 42412 35138 30850 35497 49093 36715 53775 44678 38028 39573 39813 40003 38146 39613 42896 51111 49661 50180 52939 50792 53279 38799 44263 54634 51957 27183 46389 53583 36157 50957 42445 37569 54821 50377 53881 39218 39889 51935 32127 38247 48082 34463 38984 47203 31778 44923 44215 48522 47000 38368 55418 45937 49782 52528
47561 47212 44043 41874 44122 29442 45079 47978 36247 35669 37791 43500 31080 31324 33622 52227 46239 49247 48151 30346 42270 34094 39298 34806 37740 44924 46928 54342 47087 46754 50461 56616 46192 38551 47981 40757 26985 42833 45721 45489 53028 43090 31777 50435 50815 53199 34446 45715 55974 30094 28709 38547 36424 37288 45383 28828 36057 40261 45363 40494 44379 53752 38768 50093 50577
43548 44950 44579 43297 40783 28200 42577 49317 29864 41237 36070 42610 31794 31389 32992 54061 39638 51887 45441 35380 38206 38629 40533 39451 41945 43771 47545 48810 47172 39249 46102 52700 41996 38918 42694 49683 28457 43258 42877 48151 54093 41196 36238 49196 51024 58004 31795 43206 52836 31714 32234 41971 39622 36228 43692 32324 40246 35885 46113 33118 39667 50852 41606 44495 45136
29747 42637 37319 34770 31684 27116 29784 38097 23268 31603 28189 37001 26905 23917 30935 38179 32094 42217 38748 25563 29830 30753 29151 30281 26142 37993 35735 39922 35167 34514 38666 37664 28277 35024 41717 36918 23818 33058 38201 34079 40626 33090 29033 40130 39407 44290 27739 30253 38844 27297 29394 35013 28082 28514 36664 29918 36684 33161 40399 28685 28379 41004 29488 41968 33567
38461 40370 39873 40449 31230 28082 37446 47823 28277 35074 29883 37722 33041 26702 31548 44226 36062 44597 35597 33568 33716 32517 30133 36099 34768 34618 43340 40652 45068 32433 44108 51289 42052 33997 37246 42210 23542 32789 37279 36926 48888 40143 36050 45279 43462 50175 30565 40305 49781 29703 32117 38633 30936 36348 39627 30722 33627 34951 43274 29448 30666 41301 37615 39102 38347
40851 48027 38301 41463 34044 29870 42479 49930 31108 34357 29269 37778 36126 33737 35573 49750 36715 46757 39645 37736 39239 35556 37993 37700 34709 38757 47825 44321 47218 43331 48835 55174 40277 39378 46002 46055 26840 41213 40346 36219 50654 43672 35481 49996 47920 49938 39890 35757 53673 30660 34304 41633 32558 34938 42136 27533 40053 42368 44646 39769 34092 47703 38481 42914 42942
39882 50113 41645 42192 35234 28843 38889 48682 28894 39474 32696 41104 35591 35275 36143 50008 35524 48381 45596 35491 40822 40995 35023 40090 37604 40400 51086 47298 43754 42093 47991 50296 40620 39355 49300 48673 30755 42629 46850 43743 54605 42693 39466 49683 46324 54563 38744 36723 50420 37135 34584 46145 38119 30152 41036 29101 42052 40409 46466 38100 38187 48554 37181 43352 39508
33073 39704 33109 33890 30974 26208 27878 36251 17827 30076 24656 36370 19310 24082 28494 33555 26167 41511 39592 28191 30328 32515 28484 32442 33751 28991 33039 41295 34683 31797 34453 40067 30306 29322 33519 36356 27761 31527 37793 32441 38965 31950 27386 35868 37997 44451 23003 29475 33858 28247 29846 34482 29495 28552 36086 26045 32657 27599 35445 28493 31567 39151 32961 35576 30533
23416 23738 22151 25628 17411 17077 21734 27750 18344 18889 19153 18332 22754 17334 16159 28947 18065 23220 17632 20858 22386 20510 22636 21923 24891 22719 29484 23646 24664 25797 24990 25672 20269 22352 26688 31044 13578 27032 24492 23382 26359 20475 19497 29880 26977 31552 22713 21370 29740 17637 19431 26161 22255 17860 18211 15146 23126 19977 25710 19389 18573 28476 27223 19315 23736
44414 46380 41121 36890 34870 35499 38272 48544 27865 36008 34268 40552 26816 31238 34354 41022 30651 47464 46300 35760 43519 36936 33781 41885 37707 41532 49544 52870 42864 43289 45242 51652 35642 37249 48077 44077 33240 39200 45758 41076 47767 44573 33497 48789 47595 53754 35237 31622 48468 36157 34535 44393 33542 32084 38816 28288 42124 38799 45947 34299 35993 49573 39149 40487 34621
44047 49254 45657 43018 38508 30002 38014 54114 31751 40115 38327 42055 35794 30720 35624 48184 40979 50605 43612 31640 37569 37091 33771 37574 39701 40045 50659 49490 47988 36865 47914 55670 46875 39065 46034 43548 28479 41263 43999 42979 54440 43755 40239 54004 46296 56891 33141 42451 56708 34912 30765 40778 33549 37501 44940 32968 35367 39100 45624 34683 40537 47207 37862 44877 43894
37612 48611 45131 43805 38173 36337 38527 51743 33023 37263 31402 41871 40145 32650 36356 47483 38014 45654 36401 36168 38332 37873 38048 36772 41408 39863 49106 44573 48414 45195 47951 51706 42533 43294 49336 47345 30440 44561 46006 39084 51187 44521 40007 54937 46364 55676 39014 37910 55401 35588 35849 45102 35241 37384 40468 33813 39493 37948 46951 38869 36031 48435 41683 42088 44008
41026 48247 43453 38116 38049 27254 31731 39898 24103 30058 37033 38239 29515 28843 34443 40754 35061 49024 40582 28262 33392 34405 33725 28840 33986 40690 41592 49104 41755 37724 43202 39111 30786 33712 44517 40878 26678 41154 46371 38167 39785 28472 33077 44682 44715 51081 27154 38298 40731 25320 32770 39168 36221 31708 45604 30966 39682 35038 41738 32124 33574 48041 41481 41767 43908
32049 35362 37380 33117 32286 19051 39420 39859 29962 31847 30728 33305 28446 22526 23282 46971 38582 39277 34497 23087 28680 28694 36223 25885 29476 38683 38128 35107 36147 38099 41384 41680 34213 36798 40949 37290 16833 38231 37712 36427 45698 35290 27488 42715 39163 43625 26330 32107 46360 20204 18105 29185 27567 24621 33042 23319 28932 29416 34486 30262 33126 39753 27173 38066 44102
25388 28111 25518 27288 23473 18124 27899 31158 27124 19815 17881 26999 25259 19746 20162 32208 30365 24456 24940 18139 28281 20662 24498 21523 25795 24181 29731 28486 27035 34121 33217 34846 30877 25191 33457 28503 14858 28601 29365 24534 35097 28242 20970 33856 30727 32202 26249 27274 36543 20538 18483 23919 23955 21282 23254 15058 20172 23872 28543 29918 26662 30837 24154 28499 30406
32862 42310 36557 33930 34601 31600 27637 38399 21146 30413 31851 31758 24818 24558 28267 34569 26555 39703 33464 26709 27384 30742 28468 26849 30030 33527 38340 41504 39043 34260 34889 39851 31899 35286 38402 29132 27400 34288 39399 32233 36097 34382 28905 42243 32652 42739 27024 28128 41443 28254 25384 36630 22500 29903 34718 28827 31029 31498 34373 28918 32610 41664 30348 36565 36861
27011 36095 32447 30836 24917 19901 27854 36084 21973 28080 23741 34922 22058 19920 24045 31354 29176 35779 34392 21162 27674 28837 25117 26658 30212 27067 32987 33070 30027 33075 35321 36178 30536 29005 37128 34876 20519 30297 38622 27943 40975 31846 28615 36599 33244 39880 21727 26769 34284 25185 22614 29136 26221 22629 30822 21591 26160 24249 32133 29893 29421 32319 25882 32495 31669
33600 41976 32797 40280 33171 24979 38202 44317 28480 30432 23382 35807 30439 28162 27914 44039 34555 39739 32083 32207 31325 31724 36363 28954 38353 27592 38883 35163 44313 41723 41079 51508 42493 35023 37155 39987 23297 38410 37442 28962 47127 39728 32244 44814 39777 42654 31933 34984 48526 26285 26884 33975 28625 34431 37580 23191 27659 31248 34437 41972 36082 40729 34672 36977 45899
34153 43019 48346 38988 43695 36255 38569 41737 31096 36263 33799 44784 31425 29967 31628 42650 36737 43762 35992 32210 35999 35896 35872 28386 40833 42278 44671 44709 47129 47508 43478 43029 39503 39140 46942 41538 31024 40802 51157 42648 47340 40985 38242 47768 42619 51422 30987 39998 47968 32512 31434 44575 37729 35354 38745 33798 36691 29506 43388 38023 36848 48820 40334 40286 48342
45047 45496 45643 40836 42148 37753 41203 45047 30453 35049 36392 42041 29537 31760 33528 43867 36294 46599 41797 35954 40791 36888 34489 35005 39968 40668 47835 52890 49110 45927 47309 52353 43975 37983 45434 38558 32795 39038 50891 43083 47823 43907 35387 48172 44686 52975 33869 41657 50724 34088 33555 46685 35003 37066 41858 31789 37474 36992 44657 37296 39888 52121 42713 42625 46396
36339 43305 36830 39129 32513 29078 30112 37038 22268 28211 30300 33072 28025 25887 28613 38850 29628 40223 35648 28735 31229 34818 31851 30320 34803 32324 38269 43058 37215 39219 39998 38857 32873 35725 40957 36554 26396 38662 46229 33959 38336 31001 28474 41816 36797 47228 29125 32588 38492 27787 30178 40326 30293 27404 35582 27304 34249 32049 37041 31601 34148 44628 37708 37193 39193
42908 50501 39644 45565 38520 35162 38751 49901 33123 31949 35806 38213 33327 30158 31146 45145 34882 44687 37259 34075 39118 34746 40260 33237 43290 38728 48925 47971 48140 52739 44851 52294 40408 41425 50238 44659 28204 47237 47744 35093 45895 41689 33031 54853 45972 50732 38122 37235 54131 31601 31726 42785 32245 38240 39788 27559 36465 37684 42246 45713 40765 53093 43983 42318 50501
34869 43991 40774 38757 36225 29220 34394 40474 21116 35362 27612 38921 28309 29861 31869 41918 31968 44719 38821 33220 30770 39928 32944 32672 38472 30228 39461 42025 42341 35885 42498 45618 40659 37105 37869 37818 31417 37537 47384 37178 47012 38382 36081 42158 36909 50452 27715 34076 41562 31681 30866 41928 32047 29342 40010 30377 33368 30926 37085 32633 37242 41896 35310 37518 40588
34247 33949 33527 30927 29438 24750 31936 37307 30038 24011 32477 26726 28720 21528 23206 37019 31880 32744 26661 21927 30073 21231 26927 22504 24397 36808 39648 37171 36366 36054 36605 38221 30764 30045 39379 29607 15937 32029 32733 31238 34660 30728 24508 41449 35322 37274 29228 32510 45297 20723 20346 30367 23273 28176 29402 21938 27247 31666 34783 28236 27235 40078 30086 34031 38556
42144 44908 39848 32479 38200 26505 39356 43489 34184 27755 34711 36950 32949 33866 35057 43426 37734 44414 37290 29964 41238 26770 34255 27179 29408 45319 48030 47769 45372 43613 45238 46099 32602 29954 47986 41401 23614 39789 37051 37386 42541 34758 33096 47258 49611 44124 36222 38384 50780 24446 30221 35692 36437 34120 43029 23803 39003 39645 43469 39547 30886 48691 38608 40559 44600
36059 43163 37168 41540 31340 28045 38151 43055 23647 38790 29196 43714 20349 24174 27763 41579 32135 46271 48565 31838 35678 37825 29733 39464 36345 33827 40066 44062 38917 40161 42018 49853 40436 35910 40536 41557 28113 31404 47119 39103 52792 44298 32095 40007 41117 48483 27294 35134 41216 34811 30051 41043 30667 30689 37122 28012 34483 32029 41446 35121 38271 43628 31682 43909 36728
39629 49149 46405 38239 39261 30881 38906 49384 28459 36213 29078 42243 38037 36387 39228 45775 39168 48319 39012 35855 36787 41291 37691 34373 41722 34079 47053 45680 48039 39609 50799 52890 45053 40144 45676 43240 33538 44756 48592 37737 52386 43051 42982 51871 43863 56222 34188 35761 51519 33137 33913 42378 36157 32210 45963 31255 36498 36689 41573 37892 38437 43658 39105 38533 44494
34992 43348 37537 38002 32787 25773 30457 38935 22874 30858 25777 35479 33195 31154 33675 42917 32226 41980 36837 31103 33505 36440 32015 33422 35064 32447 39553 41706 37884 33933 41806 40251 34344 33166 39388 42322 27642 38773 41025 37192 43084 30729 33330 41543 41035 50058 31621 35087 40028 29905 34148 40170 36703 27610 38378 28100 37240 33371 40343 30426 31953 42476 38025 36797 34770
40214 46013 40573 45926 33758 30341 43866 46410 30086 36519 32879 40445 30974 28916 28486 50663 34954 46219 42718 36411 39481 40497 41692 39189 42612 40301 47188 44860 42922 52005 47741 49012 38237 43354 49708 51343 27117 45651 52757 40984 52069 42676 33033 49115 47069 54157 35969 35766 48014 31828 32660 46221 36854 30032 36643 27295 40894 35384 44119 40609 39052 51493 42147 42219 46826
36226 47270 44101 40125 42072 33384 38446 43418 29089 35378 38144 39662 30556 30676 31218 42717 33283 46266 34274 33248 32665 32936 33268 24763 35059 41724 47675 43529 51654 44870 41339 45929 39281 36919 44916 37954 27807 38243 46335 38183 45135 40355 38924 47852 40101 44827 32113 39907 50469 29435 28892 43381 31257 38455 42285 31669 35304 34442 40580 40999 35768 49000 37823 41505 52613
30670 38789 35012 38663 32741 27064 37239 41054 26318 37344 28924 36248 25313 22845 25592 46276 33547 41151 40053 28360 29948 31256 31276 33615 27843 38228 38018 37942 38325 36215 38441 46187 36999 38222 38249 36020 22300 31220 35945 38806 47815 41439 27641 40354 38195 43350 29806 33406 46098 29545 24414 36075 24773 30767 32694 28800 32639 33452 39497 29908 33641 42655 25913 44244 37259
34003 38312 33724 37830 29031 23025 35793 37140 22523 28245 26265 36399 22001 22676 25141 37865 30017 41834 34965 30542 30049 30659 31711 28886 34246 30428 34708 36709 39320 38546 38423 41947 32511 29841 34989 40847 21030 32307 40757 30073 41392 32651 28859 36714 40385 41866 23940 34719 36731 22290 28989 34828 30682 30964 37251 24019 31790 27556 35693 34349 29780 40304 37019 35817 41569
33957 44755 32082 35945 31662 29221 29189 41416 21317 30017 31674 31123 24922 28321 28330 33347 21433 40732 30486 32054 29671 29227 26089 25991 31770 30673 44094 38600 44998 36071 32753 43529 33123 29208 36969 34528 26403 32242 36029 28495 37708 35547 34158 42335 34212 37644 30450 30402 43391 28985 27779 38572 24375 34512 36683 24436 31142 32637 34182 37215 30592 41484 33637 33213 39503
29224 42289 36182 38581 34272 23447 36063 36836 26039 29800 22216 40723 26745 24449 28785 42102 38847 40938 38737 26068 29356 33081 34934 27215 32975 30584 30931 36746 37099 41815 42906 43325 37622 36497 39896 36998 22880 36326 43699 30815 46121 35627 28808 39340 39088 43207 26557 34471 39378 24590 27125 32504 30208 29157 38890 26397 29992 29534 35793 38601 35601 40177 30515 43010 44054
37115 40837 34471 34241 37090 24622 28559 32194 21022 26326 39390 27896 22232 27115 24297 35599 23207 40279 29150 26828 27703 26128 26721 17794 29744 36654 42452 41772 43523 35629 30090 33583 28586 24602 35150 31235 22402 33669 37853 35107 31111 24391 29723 37587 34013 36183 25213 37450 38861 21663 23551 37428 29617 32122 37151 23573 30760 29207 32103 33188 31471 46031 37095 32925 46450
27454 36449 29978 24441 27550 22214 26084 35686 18835 27014 27244 32553 14834 21652 23762 23868 20283 37149 31251 23186 26594 23500 22212 21166 27263 28718 35814 33874 35421 31327 27739 36157 25033 22794 33720 30459 22788 26308 31710 24469 34485 32118 29526 35229 31952 32276 19789 22633 34492 23370 20488 27315 21885 27289 32550 19486 25865 23447 28591 31827 26144 32391 24665 28197 32034
38637 36146 35390 33680 27387 25892 34698 42282 29543 25186 25411 33437 31257 25982 29341 37765 34047 36911 31873 29183 36905 28247 30237 32602 33931 31589 40131 40432 37499 36875 43324 45173 35049 29746 39490 40069 21695 34866 37088 31297 41260 34113 29275 43006 42956 46312 30962 34052 44192 25331 30332 34036 31918 29240 34137 22610 31751 32198 39434 30481 28128 39430 38373 32556 34180
36398 37912 37751 39242 32983 22151 39381 40063 24288 35112 33552 31183 28741 26230 23570 49635 32163 42502 34253 31232 28293 35467 36093 29986 35236 35567 42474 37370 41441 36318 40528 43426 37781 37204 36830 39955 21767 39048 42498 40107 46254 35370 31540 42038 37109 47363 27718 35383 45359 24381 22979 38968 30116 26448 34574 25756 31707 30414 34763 29405 35558 43331 34167 35590 45885
41614 51977 41085 44904 43039 31568 32924 43932 28703 36081 37888 37783 35505 35178 35578 47953 36146 45948 41431 31243 36714 36486 30095 31204 35512 38797 49221 50642 47863 39395 43013 48589 45585 35683 44499 36521 30581 39932 44570 44145 47723 37138 37375 48242 40321 49396 37530 45566 51738 36460 31890 45708 35088 37051 43447 31557 35618 40864 43433 39301 42495 51989 37828 46470 45974
27876 33147 29710 27039 27733 14214 30887 28409 16008 25416 22823 27232 21654 25983 24021 36982 24905 37158 28837 26676 23062 28512 28508 20650 25420 27267 31675 29908 34256 27195 32948 32492 26151 24387 28084 32989 19434 30195 32508 29139 35295 24461 28015 29536 32003 34846 20978 27362 30980 16647 21981 29623 28241 20630 34265 19096 28477 24876 26988 26753 25164 32874 27808 27595 36541
39318 53411 41065 43173 36438 25911 34788 46500 28564 30731 36571 34495 39290 32797 34709 47919 35817 47988 34544 31494 32849 35854 40003 27843 36639 39978 47870 43265 46073 44204 45621 43149 33564 39791 49908 46921 24249 49576 45539 34188 43387 31493 36965 52916 44857 50410 36017 36214 49436 25297 31818 40549 34837 32477 44847 28432 39843 39144 40811 41074 35012 49236 42190 41090 51155
27516 40548 30160 36598 33957 26036 28273 34609 23087 27192 23302 31431 24984 22095 25190 39452 31595 35136 33636 22614 25164 29021 33592 25234 29837 29421 29400 35978 33382 37901 34335 39212 32506 36999 36604 29540 22631 36650 35572 28808 36930 31670 21495 39356 33042 39276 27585 28119 39457 24486 22626 30063 22469 27990 31959 25088 27245 29368 31286 33346 35180 40565 26836 40205 38532
37514 49859 40690 36513 38358 23838 33931 45100 22853 33780 31245 39797 28635 31852 34549 42029 33977 50178 40477 30609 31294 37509 38542 29067 40050 33735 41843 43708 44019 37646 42191 46158 35456 35534 42155 43265 29646 44889 43656 33872 46021 34765 37307 47525 43349 50561 26683 32100 44242 26596 29059 35139 34041 31142 46715 27435 35094 32022 35845 38370 37978 43011 36733 38058 45580
47786 62954 46736 52429 45255 36516 40549 58395 32331 43430 43045 45923 37752 37986 39302 54040 37807 57373 49592 39094 43166 45313 44591 41120 49540 45332 58355 56361 54232 53053 49571 58168 45308 47120 57070 54515 36168 54978 54293 45375 56820 46612 43125 62324 52438 61746 42026 41679 59860 40625 37357 50785 39911 41337 49525 34141 45355 44135 49282 49698 48795 59929 46931 50289 53716
22695 25863 25916 31143 24385 18561 29726 26667 18976 25683 19234 28286 18591 18709 17119 35338 22666 29961 26020 25505 24025 24549 26171 23928 27343 27235 27936 25805 30270 31199 27452 30128 25427 24348 26154 35160 16192 25106 29624 30053 34575 26154 22112 26831 31832 32854 21451 29469 29772 19846 22614 30392 27735 23716 23939 19724 26722 19642 29912 25355 22991 33610 28612 28066 31462
31445 36148 33799 36497 37585 28549 31851 43363 29730 30088 26340 35686 25050 21295 23411 38000 34037 35775 29244 24384 28185 25333 34906 25236 40327 29436 34663 36263 41266 38492 32734 47577 40103 33579 33903 33702 22849 36996 31597 30378 41159 37474 26712 45511 37806 42429 25184 34590 49182 25801 20916 27290 25026 37727 32635 25489 21762 23858 32135 35659 37254 39988 32486 35543 42797
48169 41796 40567 39022 39587 33370 39464 46514 34860 27883 38343 31928 34070 29709 29825 46073 37085 41338 32873 31702 39385 29014 38175 30868 38344 41549 48451 50381 47178 44882 44759 50767 39599 36342 44584 38063 24812 44031 40681 39090 40388 36800 28592 51909 46137 50333 36026 40521 55735 26023 28352 39078 32024 36801 38011 26339 34130 37859 41327 34947 37068 52315 44702 38338 47827
37923 50244 44620 43488 46645 35924 36235 46017 32787 38064 37129 45566 30388 30334 33533 45752 39080 47029 43946 29289 38048 34751 36488 31317 39965 44355 45844 50690 47106 48139 42168 48669 41840 40145 49226 40623 31288 42728 46651 43866 49122 41973 34801 51172 45668 51292 34091 42380 52571 35700 30620 41982 35556 40019 42045 33678 36850 35410 45199 42527 43275 53628 37847 49100 48356
38964 48932 39024 40994 42458 29691 32232 45261 26022 35373 37058 34248 32360 31947 33167 47959 32303 47706 36958 31482 31530 32975 37692 29800 35875 41710 45574 46105 47189 36580 37287 45537 34893 36908 41018 40924 27850 43775 35242 40477 41814 33492 33115 49233 43895 49144 33202 37920 51185 28862 29533 38844 32255 37852 42724 31410 37869 36984 40380 34521 36943 50575 38517 42498 45239
43895 52637 47357 46512 44440 34811 43927 48297 33872 35584 33809 44977 38921 37082 38148 52039 42711 49675 42096 37994 41882 41461 42713 34841 44501 41171 49351 51059 51589 52167 53168 53749 46197 43035 51463 47633 32608 48975 54434 42438 52990 42965 39791 53751 49651 56957 39449 44206 54129 33565 37273 47899 41537 37556 47072 32339 41162 39984 46772 46086 42723 54676 46724 46162 54022
40242 50779 38519 42363 41693 30696 32909 40929 25391 32621 35719 35701 31696 34941 33859 45367 30760 45904 38406 33444 35398 35709 34286 29125 36723 38447 46781 48221 47120 42118 39918 44284 37237 34415 43321 39920 30379 42334 43642 40014 42224 33321 34756 46142 41767 47137 35673 40031 46751 31580 32733 44530 35870 35456 42770 28801 38308 37730 40576 40340 38752 52093 41010 41865 46680
50284 51259 37729 48330 34203 33027 40118 51018 29589 33586 38147 36643 31492 30887 32693 45568 34198 48170 42482 37504 40330 36140 31087 38573 38434 34525 51370 51954 50718 43608 47876 59720 48177 36243 43922 40000 27821 37410 47092 36852 49449 43912 35097 50136 43908 49977 37722 43668 53911 34267 34051 46345 29557 39978 43914 27709 35044 43856 43928 41565 40971 51749 43077 44779 47000
42738 56583 39843 48527 41539 29178 41549 52360 30297 41212 34012 45151 31911 34931 35851 52308 39891 52412 50525 35152 39404 41564 38550 38204 42355 36579 49194 50088 49581 46809 48196 60481 50228 41550 47848 45039 31988 44450 48114 41031 58811 47591 38798 52394 46419 52712 37578 41606 55322 37692 31664 43230 34384 38202 47454 29143 36130 41520 43307 48792 48540 51700 36128 50732 50107
38260 45266 47325 40031 43849 31357 37138 47961 33984 40631 38158 44713 31133 26625 30958 49738 43045 46876 46938 24459 37719 36472 40674 35602 41319 47588 45083 50371 39446 44777 44282 46219 38962 44238 51399 44132 28876 47356 46874 48663 51970 41215 31854 53297 47618 58541 30589 37807 52869 33939 25876 37654 36486 31758 37773 33152 37076 32624 45116 33293 43900 51055 34707 47348 43387
35098 38402 32758 34968 28910 18876 36144 40475 28164 28998 29112 38022 21088 20698 24592 38467 35394 41610 40106 23429 33026 25890 30052 28710 30499 34763 36331 38941 35877 38610 38852 44330 33086 28338 39201 39594 17274 31720 36100 31648 44665 34319 26567 39136 43210 40371 24140 35182 41225 22307 23491 27908 29245 30430 36740 21010 29263 29459 36872 35542 32066 39804 30539 40107 39736
39381 45141 39463 50785 40278 30097 38622 45252 30364 35478 36583 37552 33274 27754 27227 50198 36099 45067 32736 34509 31545 33121 35563 29074 41734 36580 45229 41497 52243 42993 40082 50052 46235 36180 38022 43105 22992 39160 42349 39872 47536 37191 35520 47460 42401 47685 32569 49946 52758 29132 30526 43247 34087 43753 41044 31682 31828 33247 41402 40681 39191 51082 44307 43380 55046
31159 33821 32290 35770 23591 22525 41150 41545 29596 29420 25323 32590 27439 21614 21440 39923 32543 34731 29297 29329 30577 27654 27966 28028 29287 29119 40015 30129 39604 40426 41975 47752 40032 33023 37978 35837 16378 28853 39262 27892 47190 42076 30838 40117 34482 37213 29699 31928 45800 23975 21823 33872 22731 27740 29704 20057 25028 30111 34132 35740 29193 35384 28100 33666 41711
42174 51654 47000 43837 48623 36487 37852 45820 32469 39760 42394 42198 34443 35601 35371 50286 37669 48648 43416 32770 39813 37306 35948 31721 38675 48084 52688 53864 50604 46689 44039 48306 42992 40147 50325 40704 33071 44387 48518 49674 49424 41204 38233 52196 45167 53113 38069 45034 55263 37157 31712 48057 38238 38649 43192 34357 40341 39673 46793 40641 43681 57161 40266 48067 50187
42911 52176 50463 43053 48674 35772 45306 49576 32365 40354 38735 46816 33931 35635 37701 52069 41513 54582 44299 37689 39054 39921 44199 33297 42169 47876 49910 51999 54358 49261 49761 53588 42466 43897 50312 46661 33407 47691 50957 45551 52745 45035 40427 54006 51011 56711 34995 42301 55754 31895 34090 45683 38958 40188 49365 35668 42943 38725 46696 42643 41744 55425 43466 47842 55407
39071 48720 43164 50486 33483 36428 38657 50124 26155 41706 36671 43292 28463 24104 29234 44256 32682 49200 43267 36420 34150 40819 31722 40456 41246 36389 46802 45395 47439 43729 44790 53074 45269 43461 44749 44090 29231 35934 53281 39550 53340 47540 37820 49052 40655 54059 31385 39790 49002 37840 33851 48974 28795 38093 39290 35492 36574 35617 45439 36598 39418 48581 39306 45882 44746
46798 41715 36791 41949 33196 30595 41494 49944 33510 32582 37063 32209 32298 29923 26251 47228 31955 40915 34984 35100 41131 33028 36451 36287 42354 37516 53256 46473 46290 46646 43743 53824 42455 36338 44970 44288 25134 43031 43022 39462 47426 42209 32168 51869 44336 50181 37957 37811 55831 31273 27649 42719 32295 33645 33548 22306 33380 36494 40658 38394 38970 50187 42699 35214 45149
35949 38288 40946 36372 35476 29820 32841 40248 34268 29407 32713 37905 33239 25282 30081 40218 39236 37185 34681 23768 37198 26049 26466 28638 29852 41177 42059 44205 38934 38847 41911 41098 37300 31286 44294 36018 21532 32969 38808 39952 42683 34188 30479 44138 42353 45841 32233 42595 47628 29476 28894 36556 33817 33620 34408 29005 32610 33623 44700 31020 31162 44899 35479 41560 37848
30460 35084 41417 38591 35312 29911 36476 43396 29549 37985 29943 42122 25936 20409 24874 42285 36017 41006 36508 27420 31253 30776 32426 32693 37401 38585 38201 37959 40083 37879 37842 44385 38325 36717 38611 41289 23380 33207 39300 40495 48560 41017 31594 43462 41584 49033 25006 37825 46694 30222 26103 35615 30964 34719 32527 31919 31001 25512 41478 29105 33408 41788 32991 40061 39009
35677 40323 28192 34452 32173 20357 31491 35639 20498 25643 21225 31212 23996 29449 28228 39201 29458 38238 35412 29051 30369 31821 31876 27811 34673 22704 33772 38788 37442 33747 37167 45361 37403 27695 31010 33335 25529 35440 35230 29027 40129 30905 26975 36413 36076 40161 27467 31844 38264 24478 26169 31654 29409 27494 37626 19118 26757 30018 29630 35910 36065 38625 32575 33475 37985
41942 40869 38886 44655 34122 31074 39409 44889 29505 36485 36516 37600 27371 24071 26581 48640 34155 45125 42440 32632 37637 33408 34835 39511 36372 43461 44762 47180 41752 41967 41794 47793 36759 37796 42585 45281 23659 37019 42062 44479 47202 39125 27953 45163 46940 51894 32348 40926 48388 31014 31213 42699 33432 35058 35055 30198 39042 35614 46161 30528 35437 51524 40412 44468 40392
39898 37834 36140 36495 31591 26892 36764 39441 25451 30168 31630 34242 25869 28932 26865 40190 27181 41021 34415 34282 37091 31946 30746 32013 37031 35423 45056 42516 42381 39670 38907 42865 33826 28213 38189 43280 25228 34963 41359 38023 42071 34162 32348 40307 42410 45468 30290 36955 42093 27747 30921 41593 36067 30686 34943 23233 35580 30543 39341 33267 30959 45152 41602 32129 39385
35398 42558 35725 32818 31293 28560 30703 44712 24424 30263 34460 32294 22330 20670 25375 33022 28491 41121 34663 24099 27886 28372 30724 27041 31997 33325 40218 40826 38804 37230 36226 44969 32436 36391 41445 30906 23801 36301 39174 27844 38694 38188 28161 46835 34655 42521 24768 24708 45429 25427 20241 30780 18212 29966 34830 24985 27430 30772 32218 32024 34290 39654 28265 35915 39661
36248 45417 41078 36755 40808 26560 35860 41711 28181 31984 30740 40230 29495 29476 32563 44997 38093 46034 39873 28057 33735 33456 40253 28667 37248 39954 39212 44656 41463 42229 42303 43358 33488 36939 44217 42464 26787 44444 41775 37699 44110 33828 31149 46436 46217 49789 29034 35326 45404 25405 28848 34458 35774 32112 42352 28465 36587 32085 39419 36919 36734 46930 37268 41894 45453
34577 38164 34154 39109 33874 29540 35230 36230 26484 30436 31813 32848 24146 23651 23061 40279 30005 36543 34041 28284 31199 29341 27702 27231 30685 33950 39615 40218 40651 41115 37048 43337 38799 33364 37683 30582 22860 30835 41818 35899 41287 37270 27114 38959 33695 39304 29919 37032 43557 28363 24207 39346 25609 31581 31463 25308 28435 31418 35971 34456 35350 44868 31918 39236 42782
37751 39788 42352 39106 34421 29306 37059 40784 25999 32399 32927 39603 26196 24027 27872 38855 34485 43825 35991 30658 31917 33197 29819 29637 36451 34311 40174 42370 43912 38429 42655 45099 39893 33455 38558 37445 24858 32955 47239 36345 44901 37454 34209 41841 39400 47777 24786 39974 42890 27241 29283 39765 31254 33732 39279 30031 31383 29505 39314 32145 33660 42867 38459 38127 44593
36281 40550 41091 43704 35926 32554 38607 47359 28809 38282 30554 39746 30369 24870 27789 45642 36261 42875 36597 32880 32054 35718 33668 35503 40544 33359 42089 40860 45523 38704 42660 52740 46885 40169 38314 39169 26868 35993 43515 38906 51101 44930 34574 47136 39392 51390 29844 39456 51315 33114 28411 40705 28620 36581 36213 32200 29944 31325 40513 32923 38428 43786 35880 40780 43269
31177 41547 34854 33858 33132 22659 25505 42383 25129 31028 29107 34015 29023 25990 28298 35598 31214 38126 32106 22232 28319 29034 26934 25032 35231 28455 39913 37141 37927 30836 34086 41534 37532 29475 37168 34337 24088 35953 34336 31743 42213 32448 33921 44431 34352 43089 26099 32879 44644 29017 22575 30281 27954 30239 35443 24511 24696 27527 32887 33030 35140 36344 29113 33587 36670
31257 30086 34278 27456 25600 25158 32550 39314 22572 27655 26330 29943 21725 19958 21485 30580 25072 34730 25928 27218 26880 26836 27888 26292 32983 27573 36871 32329 36696 32008 34501 40730 31343 29774 32699 32864 21431 30240 35845 27114 37526 35869 29186 39230 32564 40507 21312 24424 39992 22220 20901 30441 22003 25738 28644 21776 24698 22842 29767 25329 26336 32235 30178 24616 34192
43213 54690 49634 45832 49589 38591 41978 52440 35923 39351 37729 52090 32219 32389 38517 48154 44601 54076 48361 33687 42386 37547 43378 35466 45525 47455 47546 55484 52153 53160 48892 55727 43651 43524 53455 47845 33803 47853 50582 43739 53328 46063 37770 56619 54639 57898 34873 44513 56483 35200 35868 42652 39634 45011 49608 36455 41628 38026 49678 46861 44678 56963 44556 52556 53207
46078 52217 44948 52233 39303 28968 40372 49411 28588 37320 41597 41017 33959 29324 31399 50556 38840 52859 40809 35415 34017 40155 37595 33335 44779 37480 49008 48112 52310 44290 47694 52556 47128 39763 44470 46827 26112 44295 53347 40859 51650 38395 39701 51532 45123 55394 31092 48640 51646 30176 32959 46247 36283 40052 47835 32932 35827 36878 43212 41343 42940 52429 47011 45529 57248
33399 41505 36325 35042 34226 28158 34686 38288 25156 30513 33018 36426 21427 23994 25684 35257 29055 41185 35346 27676 30519 28475 28280 24395 30255 35664 40080 40127 42216 41296 36662 42357 33861 31710 40211 32970 23718 31543 41974 31998 40704 37206 30739 40384 36194 38398 26399 33134 41985 25985 24360 36117 25611 32481 36511 25299 30278 30263 35367 37182 32869 42779 31216 38370 44046
35210 38809 41359 36041 35073 30964 32639 42724 35197 28630 29946 38908 32196 20036 29589 40830 44176 37268 38353 19268 35319 26944 33237 31703 31111 40891 35586 45175 33023 41009 44539 42881 35479 39497 47421 34759 21148 38326 40003 36684 42427 35953 23626 47806 43711 50325 29883 35631 47911 27345 26195 30523 28701 30747 33278 30216 31618 33228 43373 28551 34046 44047 32202 45213 36196
37771 40268 33506 40807 28840 26729 38490 41772 26036 27673 29233 31960 28509 25646 26170 40976 29603 40878 29583 34923 31403 29767 32002 29080 33671 31179 41293 36931 45606 40512 40844 47390 36783 32067 36530 39990 20385 33650 39506 28940 41313 35991 31213 41779 39810 41183 30906 36656 44799 23179 29932 38682 27703 34860 37262 24156 31905 33329 36954 36807 29311 42915 39874 35242 45550
24892 33951 28906 32813 22735 22455 32218 33392 23742 24453 20503 32227 20882 15814 20597 32790 30313 32121 31737 21867 25719 25807 27255 25466 24738 27079 27994 29816 29443 38849 36881 37768 29830 33404 37083 30372 16324 27826 38395 22885 38343 34348 21585 34519 31487 34483 23945 24684 34371 21044 21307 28281 19229 23265 27568 20836 25187 26535 31149 31709 27321 33442 23690 36067 34936
36660 44117 45778 40398 42163 29289 38033 42627 34266 35064 37817 41291 35454 29557 32449 47856 41687 44996 36900 28002 35547 30334 32698 26726 32282 46717 46054 44938 46739 41826 44017 43215 39256 35328 46441 40904 23209 38180 42428 44302 47346 36020 36448 47316 45379 48291 32925 46604 51594 28662 29589 40148 37262 37374 41595 32828 36751 35554 45957 36042 34456 49603 37872 45774 48858
28955 36510 33041 26035 33635 21885 24089 34692 18774 28180 21114 33989 21352 25405 28563 31182 29391 36252 35165 21092 26504 30127 27205 25224 32928 23599 30246 37721 31682 26110 32900 38851 33892 27590 30884 27535 27995 32738 33475 30199 38301 30602 28111 36376 31659 41989 20168 25915 35566 26596 21666 26364 26513 23871 34508 22978 23399 23548 28072 26909 34362 32005 24724 30757 29434
39675 44373 37127 39151 35725 25994 42378 42469 29667 29109 30122 38663 26996 28798 28956 43516 36211 44333 37771 32495 35793 32264 37737 28300 36964 34956 41612 42619 45437 47873 45124 50021 38808 34641 43080 41020 23946 39850 45211 32182 46076 38839 31510 44643 44248 43943 31012 36860 46497 23960 28215 36668 32136 33574 41645 23057 32881 33735 37320 43932 36761 46363 38525 40072 50745
33713 39013 30595 31847 30760 20234 27380 36209 20460 24377 28830 25496 25094 23044 24936 37817 28250 38076 29906 23004 24021 27243 33649 23246 29733 30019 33611 36652 34504 31144 33568 37037 27177 31670 34121 31927 19892 38618 32208 27699 32424 25269 23253 40199 34707 40459 23920 26530 38930 18075 20952 27371 23412 25549 34738 21820 27947 29051 28584 27708 30905 38522 30862 32530 38642
50880 54830 55551 46500 49708 41953 49037 56405 42097 40506 45764 51912 38330 38187 39402 49649 44969 54030 45297 39340 50023 39306 39875 35553 47965 51182 61551 59405 60139 58997 55571 60022 50952 42077 59610 49739 35191 48090 59430 48816 58041 51707 46845 61365 54941 59695 41395 50791 63946 39069 37348 52318 44047 45604 49700 34933 42823 42043 53500 51026 45484 60502 50547 48530 59436
34740 36726 35207 33220 34634 28799 30855 44258 25305 32502 28846 32950 26869 26617 27727 38319 27591 39569 30386 30275 31117 28202 32023 30548 37382 33350 41321 39014 42296 31581 32947 45287 34367 30519 33573 38596 26134 35596 29490 34964 40199 35808 31306 44433 40224 45678 27771 32177 47579 28229 26501 33308 28898 34910 33929 26573 30331 27962 36166 28575 31031 40405 35384 31402 34854
31242 33829 32492 35549 34848 28442 34042 37308 24695 31369 29620 27698 26124 25622 21523 41294 25622 34218 24993 30636 26487 27655 30031 24066 32720 31415 40374 33808 43732 35222 31636 42927 37982 32143 31044 30547 22959 32173 33060 34685 38861 36371 29208 39752 31094 37793 29227 33805 46738 26129 21177 36844 23861 32493 29086 24589 25563 27546 31285 31071 32576 41173 31328 31378 42426
35037 32393 32622 33826 27925 17258 31021 34492 24798 29884 30829 29320 27478 25507 23505 42186 29961 35796 33317 24766 32067 27887 23492 28639 28750 33768 41149 37404 34121 28364 35308 36248 34033 23708 33359 37388 18140 29557 33481 40852 41849 27294 29311 34842 36624 41703 27179 39286 39597 25848 23975 35161 34259 24482 30248 21246 29500 28881 36726 24694 29522 39092 32015 32410 33027
40307 36961 37413 30722 29439 26579 32993 38707 27295 27235 33413 37786 21084 24154 27728 30670 29761 40234 38769 26387 39308 26407 22801 30398 31037 37080 42757 46369 37306 37595 39097 40888 31188 23446 41212 37441 23434 28412 41054 35689 40064 33615 30206 38673 42585 42942 25810 36153 39055 27597 29012 35926 33329 29938 35403 22590 33211 30296 40878 30974 28771 41914 36656 34497 33412
48889 52767 49707 51894 44201 39287 45004 55238 33261 40610 40918 48232 31936 29905 33197 49736 40660 54147 45864 38834 41322 43202 44287 40248 53444 41382 51231 54734 54013 54098 50932 59380 49162 46443 50885 50443 33697 49494 58986 43704 55437 48432 39155 58059 51006 62619 33605 45149 56643 36183 35707 48947 38015 42978 46514 35421 39084 36179 47276 44728 47691 57075 50505 47035 56412
43325 44183 43310 45116 37206 32164 38398 44165 33745 34500 42995 38542 32714 27873 28735 46237 35506 44460 38173 31471 40132 31485 29869 32323 35603 46627 51830 49000 46838 45778 43275 44388 38984 33955 47998 44235 23196 37153 47057 45752 46308 36748 34867 47747 45797 49501 35381 47988 50881 32053 32133 46826 37707 37637 37692 30459 38805 37145 48236 36398 35197 53971 43996 43847 47243
35058 42757 37658 33528 36601 27837 36972 43818 30180 32461 28314 38483 28703 30547 30379 40389 34754 39954 37485 28574 36167 32136 32750 28805 35831 33756 43722 41974 41950 42632 42116 49102 40862 34572 43807 36034 28020 38348 41529 34721 47840 42198 34052 46336 39242 44262 32432 32092 49046 30889 24773 35398 29977 30100 36657 23341 29557 32434 36381 40256 38163 41997 30406 37342 41691
21161 27992 26814 34102 27161 20365 30628 28611 18089 28924 21970 25512 20005 17252 15229 39732 23395 30821 24411 25228 18094 26614 29984 22282 27273 27249 27657 23909 32579 31189 27081 32470 28650 32039 25825 30739 16264 28363 30697 29836 35276 29200 21492 30260 27072 33373 21423 27216 34112 19339 17925 30529 20789 24190 23611 22647 24074 20697 26580 24804 27090 34462 24795 30561 37128
48480 49341 42705 44267 36417 30718 42555 51286 29709 35313 37170 40085 31992 32788 33234 44940 36307 49390 40987 37593 39442 38781 33524 35569 43064 33270 51924 49675 52110 43534 49824 58937 49955 36138 44083 41880 29827 40145 51256 37667 52799 45136 40718 51039 43566 52581 33810 42587 53609 33025 32018 45175 33155 37194 45680 27477 33106 38643 41348 42144 42001 48132 43002 40002 50336
37155 45319 39669 37858 31289 31667 36708 44731 20699 36756 35655 39194 19999 23936 28699 36606 25535 49673 41718 34554 31834 35086 30953 34715 33225 38608 43631 43700 44079 39132 39322 46200 31096 36520 41807 41137 27920 32911 45515 34342 44309 41797 34053 43212 40889 46678 25847 29299 41731 29462 30418 41669 25874 33129 39827 30179 38629 33272 40245 32556 31180 44424 34964 39563 39862
39312 47316 33085 47656 31277 28319 32551 44336 26352 31513 34251 34037 30078 25513 28755 43902 30539 44240 36926 32045 33239 30872 30137 33619 33604 35814 43440 42881 44057 39437 38515 46582 36579 33379 40146 42798 21483 35230 38065 34502 42581 33767 30284 44563 42741 44712 33890 41588 46328 29447 33070 41043 30015 38779 38948 28372 35976 37823 42803 37053 33251 48747 40480 43940 42440
36601 45390 46781 35389 34476 29684 34701 43615 22651 31563 28929 41207 30888 27865 34921 36429 35836 47367 36190 31549 30219 39275 34710 30116 39408 30676 38913 42533 42914 36903 47899 44639 37608 38539 42510 39204 30279 40564 52329 31216 44860 37179 38942 46543 39450 53944 24008 31290 41030 26700 32125 38789 31552 28795 44622 31918 33989 30179 37408 31807 33389 38828 38727 35136 43233
51979 56759 50768 53901 44777 38570 54069 62594 41128 47337 39327 54067 39633 39431 40119 60817 46484 57998 54690 45315 53316 46569 46370 50016 52430 49242 61449 58487 57396 58796 59168 68751 54452 47644 58776 61466 35933 51235 57143 52377 68744 57611 45417 62189 61296 66486 46097 49492 66033 43986 41618 54346 46845 44047 48999 34306 47811 45875 57512 51355 48841 61610 50307 53268 53722
36338 46646 40418 42653 35050 35603 34600 43480 26452 33524 32664 37230 32052 29756 31102 39687 29636 41879 33948 34847 34216 36246 29491 31284 37038 33772 46479 42939 46818 43439 42357 46593 41274 37660 43919 37792 29751 36531 48922 35218 44930 41082 37483 46757 36555 46920 34787 36707 47007 34483 32751 47019 29801 34680 37337 30467 34492 35149 40858 38549 35420 46360 38731 38610 43888
44062 43881 44838 40882 33340 31889 36964 51017 34235 32004 33483 38735 39220 27838 34905 44920 41996 44167 37523 30494 39586 33869 34407 38054 38370 39015 46663 48072 42685 39299 50518 50911 41581 38936 47556 44125 25166 41804 44204 38645 47996 39204 34656 53151 47812 57521 34700 40090 53319 30915 33895 39631 34404 34178 39973 31383 36581 38342 47048 30584 33978 45949 42542 40945 39331
41415 48620 37525 41547 34527 30662 38306 45008 23426 34642 31972 36392 29056 34681 31846 43910 26610 46431 39363 39538 37663 40648 35866 35758 41744 33205 49317 45512 46876 44596 43236 49733 38856 36482 43457 45126 32463 42266 48845 36908 47423 40757 37453 46649 41493 49631 35541 33042 45867 33479 33586 47328 34513 31010 39982 25234 38488 36027 39062 41136 38217 48266 41512 35771 43893
34914 43313 35123 42032 37330 23910 37279 39025 21530 36751 33429 33550 23459 26948 23071 48323 29526 43926 38670 30797 27116 37721 37451 28672 38363 32892 40717 39287 42300 40538 36890 44942 39477 38667 36964 37397 25984 40759 45022 38880 46607 37124 30427 41835 34636 45029 27190 33943 43870 27552 21694 39434 28303 28463 36062 25359 29980 29488 31673 36687 42520 45957 31939 39047 49106
31031 37380 26484 34129 30298 25367 26900 37964 21820 25934 22849 27456 24549 23413 25713 36535 26154 35040 29215 26625 26449 24935 29926 27430 29594 27256 32612 35171 36638 30504 30647 42542 31314 29712 30069 31412 21731 32125 25315 26827 34224 30760 22886 38581 35210 37529 27978 28711 41574 23874 24837 28798 21978 32300 32093 23034 27121 29988 31625 29626 29457 38174 30119 34193 32880
44961 43779 41694 42456 34298 30167 34920 48370 31769 30364 33099 36066 36081 26074 31785 46106 40909 42975 38706 28276 37436 34998 37865 37692 41381 36110 42921 48863 39324 40182 47982 49389 40720 40230 45486 42544 25204 45463 44885 38292 45356 35738 29187 52075 46109 57935 32578 38467 50577 29265 31181 37689 33490 31826 38288 29369 34312 36097 43000 30413 38432 47363 42733 40812 40452
43077 47293 45575 43167 37685 27674 45943 45154 36207 32445 31850 44121 39042 34934 35853 50053 45972 45638 41214 34147 42879 37640 34755 32492 37596 38507 48570 47296 47807 49105 56182 52660 48682 36741 50234 44383 26074 40962 53951 40869 55390 42034 40144 48346 47121 51701 38022 47167 51663 30911 34282 44859 41156 32908 44927 27490 36509 39808 46179 44664 39000 48760 41879 44648 51678
39036 45205 43739 43658 36524 33088 43484 51453 35102 37610 29764 42083 37930 29857 33464 50556 43140 44307 39968 34000 38457 37445 37778 38211 39123 37843 46365 44209 46086 45070 51536 56846 48357 44456 47644 43008 27478 41591 46662 39584 55657 48467 36490 52745 45008 54584 37586 39028 56738 34188 31252 41889 31782 34886 39133 31375 34712 38551 45203 38115 39288 46509 36496 44856 44890
39707 39565 38750 39993 39289 26332 40637 45746 34368 33021 31182 34095 35886 30572 27423 53050 39645 39511 33816 30159 36164 33387 42726 31507 42406 37751 45182 42114 43029 44172 43692 49471 42561 39349 42811 43265 24198 47696 39665 41566 48283 38019 30392 50658 44424 51647 35258 38524 55028 27457 24574 36431 35409 31243 34538 24582 31291 32389 38156 36570 40803 47940 38736 37455 47504
45868 54649 49971 48484 43703 38051 45628 53840 35699 40218 35008 47357 42787 40658 40816 52331 42646 50500 43113 41929 45480 44921 38323 39040 46968 39407 56579 52472 55932 51421 56459 60227 54645 43517 53123 48291 36354 46829 57683 44960 59854 50432 47469 57084 48236 59603 43525 46772 59492 41203 39492 53679 42027 39352 47517 33791 40531 42824 49690 47924 44869 53893 46599 45562 52613
41978 42886 41175 34771 35328 28703 33427 42996 29651 29519 29637 38800 33884 33254 36177 39457 36576 41807 38486 30300 41029 33175 28294 33347 36136 34661 45387 48530 41530 36424 45944 46630 40308 29148 42939 39489 29119 36797 42403 38922 45407 35342 36100 45073 44216 50752 33396 39938 46165 32318 33962 39773 38400 31261 40597 26568 34932 35695 43217 33404 34017 43729 39875 36733 35695
30336 38110 33820 27572 28832 25340 25139 34843 23236 25464 23866 31306 27283 24641 29787 32460 30942 33649 35168 20476 30814 28826 24860 27963 25308 30143 34114 39911 28665 31290 38263 36205 30105 31512 40073 27887 24778 32520 37036 30616 36717 30946 25696 38704 32775 41969 27862 24885 37014 27615 24627 30961 25105 20750 30931 23495 29228 31316 34329 25804 29900 35514 25004 34662 26725
43140 47296 47655 44118 42788 32786 41751 48167 36611 37660 39849 46845 31385 25360 33460 49114 47904 49773 48308 26873 39382 32541 35076 34944 34142 48385 44368 53127 45341 45065 49673 52535 44077 40920 50001 40028 24792 38511 47086 45653 52473 43096 32083 50504 49918 54121 31725 47327 54385 31433 30134 38978 33954 39761 44529 35272 37201 39470 49575 36206 40746 52838 37093 54626 48252
39013 41773 35087 32453 29407 23357 35573 43015 29843 27056 36984 34758 23457 23500 26849 34246 31223 42681 35755 25412 35156 22700 26638 25159 26663 40100 44860 42245 41555 40382 38785 43706 29741 26645 44023 37563 17858 31417 36401 30192 39898 34588 30364 43318 42946 37693 27987 34310 45275 22147 24395 31479 26920 33279 38455 21179 32269 34306 38599 37112 28197 42640 33183 37919 42159

